file	product	N_diffs	S_diffs	N_diffs_vs_ref	S_diffs_vs_ref	N_sites	S_sites	piN	piS	mean_dN_vs_ref	mean_dS_vs_ref	mean_gdiv_polymorphic	mean_N_gdiv	mean_S_gdiv
temp_vcf4_19VR001353.vcf	NP	0.113734952512223	0.050965746079801	1.05804275795731	7.00163024957448	1148.82321240236	345.176787597644	9.90012660645901e-05	0.00014765113967979	0.000920979613342586	0.0202841862522226	0.0126668635413761	0.0284284341747745	0.0509554893387907
temp_vcf4_19VR001544.vcf	NP	0	0	0	1	1149.16666666667	344.833333333333	0	0	0	0.00289995166747221	0	*	*
temp_vcf4_19VR001555.vcf	NP	0.0431495859906519	0	0.0107549120992761	1	1149.13360801176	344.833234093506	3.75496684544017e-05	0	9.35914851353481e-06	0.00289995250205158	0.0143798099194269	0.0215697148791404	*
temp_vcf4_19VR001605.vcf	NP	0	0	0	1	1149.16666666667	344.833333333333	0	0	0	0.00289995166747221	0	*	*
temp_vcf4_19VR001607.vcf	NP	0.319297393007415	0	0.172740746144882	1	1149.13847708895	344.861522911051	0.000277858064431255	0	0.000150321958222543	0.00289971462040411	0.079793221591028	0.106390962121371	*
temp_vcf4_19VR001934.vcf	NP	0.0673102973472131	0.0271378563792832	0.0342364984166934	1.01375316684763	1149.16666666667	344.833333333333	5.85731376480463e-05	7.86984718587237e-05	2.97924569253315e-05	0.00293983518660502	0.0236036767799749	0.0336433363106591	0.0271280344985814
temp_vcf4_19VR003003.vcf	NP	0.386418761930458	0.0462224047725388	0.202864650819831	2.02366071428571	1149.13930098449	344.860699015509	0.000336267989093581	0.000134032103120165	0.000176536169849933	0.00586805257909283	0.054055294785347	0.0772481177024736	0.046201769770408
temp_vcf4_19VR003071.vcf	NP	0.168163384218889	0.0451577606229437	0.0860002974275947	2.02283078212234	1149.1544161914	344.8455838086	0.000146336629655244	0.000130950671092275	7.483789490417e-05	0.00586590310881022	0.0266538883695464	0.0420228911814802	0.0225697711152254
temp_vcf4_19VR003123.vcf	NP	0.114850867156455	0	0.0580889102551585	2	1149.17284469887	344.827155301125	9.99422042439142e-05	0	5.05484536317772e-05	0.00580000724784413	0.0164008207688379	0.022961149076373	*
temp_vcf4_19VR003217.vcf	NP	0	0	2	11	1149	344.999999999999	0	0	0.00174064403829417	0.0318840579710145	0	*	*
temp_vcf4_19VR003218.vcf	NP	0.138766719068513	0.125130161297899	2.07033169472888	11.064126302614	1148.99458153597	345.005418464029	0.000120772300669173	0.00036269042339967	0.00180186375810517	0.0320694276393447	0.012557941899549	0.0277295435943678	0.0416896873062301
temp_vcf4_19VR003470.vcf	NP	0	0	2	2	1149.83333333333	344.166666666666	0	0	0.00173938251920568	0.00581113801452785	0	*	*
temp_vcf4_19VR003537.vcf	NP	0.0205437851840676	0.0198909546571723	2.01037651941891	10.9899575125531	1149.00691767961	344.993082320387	1.78796009562373e-05	5.76560971118257e-05	0.00174966441758142	0.031855588055957	0.00288721187949051	0.0205376945273277	0.0198832717855395
temp_vcf4_19VR003544.vcf	NP	0.108558130989926	0	2.05757575757576	11	1149.0095959596	344.990404040403	9.44797427033357e-05	0	0.00179073853239439	0.0318849448308473	0.00775154138790503	0.10852157943067	*
temp_vcf4_19VR003571.vcf	NP	0.133133593091791	0.0198247809762203	0.0689201146976774	1.99678414096916	1149.18845182868	344.811548171323	0.000115850096544165	5.74945389194741e-05	5.99728570087931e-05	0.00579094334734126	0.025455121981105	0.0443102439622101	0.0198
temp_vcf4_19VR003795.vcf	NP	0.0447267340853503	0	4.02261637233742	13	1150.00168932203	343.998310677967	3.88927551156193e-05	0	0.00349792214193086	0.0377908832586387	0.00235341175300297	0.0223574116535282	*
temp_vcf4_19VR003797.vcf	NP	0.050629767699753	0	2.0256309802325	11	1149.01161528265	344.988384717348	4.4063756211288e-05	0	0.00176293342320495	0.03188513146323	0.00337349601843	0.025301220138225	*
temp_vcf4_19VR003886.vcf	NP	0	0	0	2	1149.16666666667	344.833333333333	0	0	0	0.00579990333494443	0	*	*
temp_vcf4_19VR003921.vcf	NP	0	0	1	7	1148.83333333333	345.166666666666	0	0	0.000870448280864646	0.0202800579430227	0	*	*
temp_vcf4_19VR004156.vcf	NP	0	0	2	11	1149	344.999999999999	0	0	0.00174064403829417	0.0318840579710145	0	*	*
temp_vcf4_19VR004170.vcf	NP	0.0272721289897993	0.242336582272884	3.01382033563672	8.12974243435692	1149.33333333333	344.666666666666	2.37286505131664e-05	0.000703104203886512	0.00262223347068161	0.0235872604478441	0.0192446093692988	0.0272586679192219	0.121082931625481
temp_vcf4_19VR004179.vcf	NP	0	0	2	10	1149	344.999999999999	0	0	0.00174064403829417	0.0289855072463769	0	*	*
temp_vcf4_19VR004330.vcf	NP	0.0807357828136703	0	2.0412788057799	11	1149.04305374807	344.956946251929	7.02634966986814e-05	0	0.00177650332519869	0.031888037389937	0.00537980206285051	0.0403485154713789	*
temp_vcf4_19VR004332.vcf	NP	0	0	2	11	1149	344.999999999999	0	0	0.00174064403829417	0.0318840579710145	0	*	*
temp_vcf4_19VR004420.vcf	NP	0.210841794920686	0.0582007822685789	4.10874133699342	12.0299869621904	1150.01267124172	343.987328758276	0.000183338671123537	0.000169194552830396	0.00357277918734323	0.0349721805323939	0.0128066107882287	0.0526908344937275	0.0581754885778929
temp_vcf4_19VR004448.vcf	NP	0.0218269914376681	0.0706497571910996	4.01102941176471	12.0359715866958	1150.01353416285	343.986465837153	1.89797691846793e-05	0.00020538528171206	0.00348781061492858	0.0349896661120202	0.0048654368827359	0.0218155276816607	0.0353138865451607
temp_vcf4_19VR004452.vcf	NP	0	0.0275325361839045	1	2.01395730706076	1149.33333333333	344.666666666666	0	7.98816330287364e-05	0.000870069605568446	0.00584320301855152	0.00688125032018361	*	0.0275250012807344
temp_vcf4_19VR004565.vcf	NP	0	0	1	2	1149.33333333333	344.666666666666	0	0	0.000870069605568446	0.00580270793036751	0	*	*
temp_vcf4_19VR004572.vcf	NP	0.0633853057546547	0.140345664790956	1.03221128931958	3.07213928595474	1149.35760869565	344.642391304347	5.51484631720388e-05	0.000407221132199664	0.000898076700854653	0.00891399132395697	0.0226302050755779	0.0316836783707634	0.0467681629795581
temp_vcf4_19VR004672.vcf	NP	0.024791488894869	0	1.01255031967795	7	1148.84588365301	345.154116346988	2.15794731457269e-05	0	0.000881363056686355	0.0202807953562484	0.00275395758976339	0.0247856183078705	*
temp_vcf4_19VR004703.vcf	NP	0	0	2	11	1149	344.999999999999	0	0	0.00174064403829417	0.0318840579710145	0	*	*
temp_vcf4_19VR004704.vcf	NP	0	0	1	3	1149.33333333333	344.666666666666	0	0	0.000870069605568446	0.00870406189555127	0	*	*
temp_vcf4_19VR004709.vcf	NP	0.0628391993158162	0.0218914745934818	1.03192181838222	3.01106536284097	1149.32820021088	344.671799789122	5.46747215497597e-05	6.35139707016226e-05	0.000897847819441725	0.00873603632407179	0.0121014764716597	0.0314122470646437	0.0218858411723306
temp_vcf4_19VR004710.vcf	NP	0.0210773585987927	0.0213568105280251	1.01064935064935	8.01079136690647	1148.83688311688	345.163116883116	1.83466938679826e-05	6.18745441890803e-05	0.000879715271594851	0.0232087119830338	0.00385651914306593	0.0210718839601958	0.0213498266135295
temp_vcf4_19VR004712.vcf	NP	0	0.0426973502849181	1	8.02181913774974	1148.83333333333	345.166666666666	0	0.000123700676827383	0.000870448280864646	0.0232404224174305	0.00426861259551903	*	0.0426861259551903
temp_vcf4_19VR004820.vcf	NP	0.0715250647695821	0	1.03642543551872	3	1149.31176169043	344.688238309569	6.22329529320936e-05	0	0.00090177919522404	0.00870351716876877	0.0119181652253588	0.0357544956760764	*
temp_vcf4_19VR004822.vcf	NP	0.0590118889457163	0.0461607354448339	1.03042094092678	7.02363050483351	1148.83333333333	345.166666666666	5.13667972833742e-05	0.000133734627073396	0.000896928136596644	0.0203485190869151	0.0105135222709466	0.058991014559814	0.0461442081496515
temp_vcf4_19VR004826.vcf	NP	0.328450611708679	0.15925225417473	1.20701754385965	1.08720560152769	1149.33333333333	344.666666666666	0.000285774894178085	0.000462047159114304	0.00105018927830016	0.00315436828296235	0.121881032491925	0.328322560787935	0.159201569179767
temp_vcf4_19VR004827.vcf	NP	0	0	1	3	1149.33333333333	344.666666666666	0	0	0.000870069605568446	0.00870406189555127	0	*	*
temp_vcf4_19VR005003.vcf	NP	0.0596714003524027	0	1.03032028611273	8	1148.83186736122	345.168132638776	5.19409341329147e-05	0	0.000896841666204205	0.0231771106412426	0.00542316320093246	0.0298273976051285	*
temp_vcf4_19VR005015.vcf	NP	0	0.365363390731288	0	2.24044032444959	1149.16666666667	344.833333333333	0	0.0010595361741845	0	0.00649716865475959	0.121752516552112	*	0.365257549656336
temp_vcf4_19VR005048.vcf	NP	0.129136668879163	0.0229854723575718	1.06753404714278	1.01162468862441	1149.13165022248	344.868349777519	0.000112377610393171	6.6649990851292e-05	0.000928991945297219	0.00293336483117987	0.0304157921199564	0.0645499250610937	0.0229791104775945
temp_vcf4_19VR005049.vcf	NP	0.270571025228381	0.0361696623980515	1.14024360394615	8.01841692789969	1148.88169409025	345.118305909745	0.000235508169918778	0.000104803662334593	0.000992481305787583	0.0232338209552891	0.0204423704390316	0.0540960134505249	0.0361554893328486
temp_vcf4_19VR005252.vcf	NP	0	0	1	3	1149.33333333333	344.666666666666	0	0	0.000870069605568446	0.00870406189555127	0	*	*
temp_vcf4_19VR005254.vcf	NP	0.0707516834882621	0.0723983668366251	1.03668861712135	3.03752759381898	1149.33333333333	344.666666666666	6.15588893459357e-05	0.00021005328869427	0.000901991256196075	0.00881294272868179	0.0238206120054064	0.0706851249901546	0.0722385470422837
temp_vcf4_19VR005327.vcf	NP	0.0807479698613108	0.0785435625436359	1.04096512217088	3.04006622983922	1149.32064590542	344.679354094578	7.02571298523038e-05	0.000227874288409174	0.000905722111474662	0.00881998354042707	0.0176937726991894	0.0269082039114847	0.0392596712791252
temp_vcf4_19VR005352.vcf	NP	0.123248853477674	0	1.06411243973923	8	1148.79909981923	345.200900180773	0.000107284949559125	0	0.000926282445648398	0.0231749105978884	0.0112008789762776	0.0616048343695268	*
temp_vcf4_19VR005355.vcf	NP	0.108768689261589	0.167213884411337	1.0377949811071	8.09206716850029	1148.80480102598	345.142280032395	9.46798700392344e-05	0.000484478124197482	0.000903369293182148	0.0234455980523185	0.0212252803334298	0.0362490114551101	0.167181609969258
temp_vcf4_19VR005357.vcf	NP	0	0	1	3	1149.33333333333	344.666666666666	0	0	0.000870069605568446	0.00870406189555127	0	*	*
temp_vcf4_19VR005519.vcf	NP	0.0608262067163463	0.0295743638773399	0.0309197875809161	3.01500938086304	1149.15050812964	344.849491870361	5.29314535267859e-05	8.57602072049966e-05	2.6906647442763e-05	0.00874297179476915	0.0150611992963785	0.030399498539988	0.0295681986982952
temp_vcf4_19VR005583.vcf	NP	0.162587496693396	0.133573581732432	1.08366435642443	1.06927491518293	1149.39740567315	344.602594326849	0.000141454553395461	0.000387616297530655	0.000942810859912964	0.00310292183746226	0.0422828957754989	0.054165899678488	0.0667412856965143
temp_vcf4_19VR005586.vcf	NP	0.398991377097941	0	1.2751272264631	1	1149.33333333333	344.666666666666	0.000347150270096817	0	0.00110944944297834	0.00290135396518376	0.132954823814549	0.398864471443648	*
temp_vcf4_19VR005590.vcf	NP	0	0.230349529966967	1	1.13277816331251	1149.33333333333	344.666666666666	0	0.000668325522147876	0.000870069605568446	0.00328659041580034	0.0767654151065798	*	0.230296245319739
temp_vcf4_19VR005612.vcf	NP	0.133298233341819	0	1.04994779479054	8	1148.77983653757	345.166666666666	0.000116034621345358	0	0.000913967812975456	0.0231772090777403	0.0102503526532053	0.0333136461229172	*
temp_vcf4_19VR005697.vcf	NP	0	0	1	8	1148.83333333333	345.166666666666	0	0	0.000870448280864646	0.0231772090777403	0	*	*
temp_vcf4_19VR005810.vcf	NP	0	0	1	3	1149.33333333333	344.666666666666	0	0	0.000870069605568446	0.00870406189555127	0	*	*
temp_vcf4_19VR005939.vcf	NP	0	0	0	3	1149.16666666667	344.833333333333	0	0	0	0.00869985500241664	0	*	*
temp_vcf4_19VR005966.vcf	NP	0.104264917321906	0.025400048889641	1.05283378654888	3.01286173633441	1149.35897440494	344.641025595063	9.07157116651807e-05	7.37000153878514e-05	0.000916018241467138	0.00874202869821532	0.0144021108522608	0.026056593381152	0.0253926241457387
temp_vcf4_19VR005980.vcf	NP	0.415684086270479	0.0826901706474251	0.281024567081539	3.04315659679408	1149.43406841553	344.565931584472	0.000361642392280482	0.000239983594045929	0.000244489505578102	0.00883185572874328	0.0829592019304606	0.207583500844147	0.0825882098944688
temp_vcf4_19VR006050.vcf	NP	0.0468156543188391	0.02830041020627	1.023678597702	3.01434977578475	1149.32216750376	344.677832496237	4.07332736133673e-05	8.21068474328964e-05	0.000890680286734008	0.0087454123578361	0.0107256106078662	0.0233957774078511	0.0282877194393614
temp_vcf4_19VR006066.vcf	NP	0	0	1	8	1148.83333333333	345.166666666666	0	0	0.000870448280864646	0.0231772090777403	0	*	*
temp_vcf4_19VR006068.vcf	NP	0	0	1	8	1148.83333333333	345.166666666666	0	0	0.000870448280864646	0.0231772090777403	0	*	*
temp_vcf4_19VR006081.vcf	NP	0.0208890892838988	0	0.0105534709193246	3	1149.15963101939	344.840368980612	1.81777089274958e-05	0	9.18364223250942e-06	0.00869967750257414	0.00522104758543979	0.0208841903417591	*
temp_vcf4_19VR006217.vcf	NP	0.0540445151700685	0	1.02778616732105	8	1148.83333333333	345.166666666666	4.70429553199494e-05	0	0.000894634702441072	0.0231772090777403	0.0054028192453315	0.054028192453315	*
temp_vcf4_19VR006314.vcf	NP	0.0730718030780102	0	1.02528154168404	8	1148.79050413134	345.174400548038	6.36075966986372e-05	0	0.000892487827847525	0.0231766897756563	0.00608719049090387	0.0243487619636155	*
temp_vcf4_19VR006402.vcf	NP	0.059006741838259	0.0367348634162551	1.02994515601159	8.0187101910828	1148.83785463999	345.162145360008	5.13621148536665e-05	0.000106427845318727	0.000896510462161211	0.0232317196392414	0.00797549183747539	0.0294928311924048	0.0367202396648951
temp_vcf4_19VR006778.vcf	NP	0	0	1	2	1148.83333333333	345.166666666666	0	0	0.000870448280864646	0.00579430226943506	0	*	*
temp_vcf4_19VR007193.vcf	NP	0	0	1	8	1148.83333333333	345.166666666666	0	0	0.000870448280864646	0.0231772090777403	0	*	*
temp_vcf4_19VR007266.vcf	NP	0.244207928547493	0.0493090074325125	1.12405548807188	2.02496029134221	1148.86148057393	345.138519426073	0.000212565163578725	0.000142867297207243	0.000978408195486152	0.00586709444865642	0.022571037294758	0.0305164679287698	0.024645870700848
temp_vcf4_19VR007284.vcf	NP	0	0	1	2	1148.83333333333	345.166666666666	0	0	0.000870448280864646	0.00579430226943506	0	*	*
temp_vcf4_19VR007759.vcf	NP	0	0	1	8	1148.83333333333	345.166666666666	0	0	0.000870448280864646	0.0231772090777403	0	*	*
