file	sites	sites_coding	sites_noncoding	pi	pi_coding	pi_noncoding	N_sites	S_sites	piN	piS	mean_dN_vs_ref	mean_dS_vs_ref	mean_gdiv_polymorphic	mean_N_gdiv	mean_S_gdiv	mean_gdiv	sites_polymorphic	mean_gdiv_coding_poly	sites_coding_poly	mean_gdiv_noncoding_poly	sites_noncoding_poly
temp_vcf4_19VR002740.vcf	1542	1497	45	0	0	0	1154.16666666667	339.833333333333	0	0	0	0.00294261893084846	0	*	*	0	1	0	1	*	0
temp_vcf4_19VR002744.vcf	1542	1497	45	1.30804305307828e-05	1.34736298453354e-05	0	1154.16666666667	339.833333333333	0	5.93526941004426e-05	0	0.00297259168209137	0.0100819906654351	*	0.0201639813308703	1.30765118877239e-05	2	0.0100819906654351	2	*	0
temp_vcf4_19VR003000.vcf	1542	1497	45	0	0	0	1154.16666666667	339.833333333333	0	0	0	0.00294261893084846	0	*	*	0	1	0	1	*	0
temp_vcf4_19VR003002.vcf	1542	1497	45	7.8257887693427e-05	8.06103292072574e-05	0	1153.33333333333	340.666666666666	0	0.00035422797306242	0	0.0207371260041135	0.0133986888765837	*	0.120588199889254	7.82024642602163e-05	9	0.0150735249861567	8	0	1
temp_vcf4_19VR003004.vcf	1542	1497	45	2.08395616838602e-05	2.14660014138359e-05	0	1154.18843208384	339.811567916163	2.78417312314374e-05	0	1.41433256685821e-05	0.00294280740980165	0.0160575878490311	0.0321151756980622	*	2.08269621907018e-05	2	0.0160575878490311	2	*	0
temp_vcf4_19VR003005.vcf	1542	1497	45	0.000161818427098046	0.000166682708473739	0	1154.15712780976	339.842872190244	0.000122519378530401	0.000318139379715988	6.2366628942397e-05	0.00310594478716264	0.0356032475515017	0.0353100793827529	0.0539912076647501	0.000161623043359606	7	0.0356032475515017	7	*	0
temp_vcf4_19VR003124.vcf	1542	1497	45	0	0	0	1154.16666666667	339.833333333333	0	0	0	0.00294261893084846	0	*	*	0	1	0	1	*	0
temp_vcf4_19VR003216.vcf	1542	1497	45	0	0	0	1154.16666666667	339.833333333333	0	0	0	0.00294261893084846	0	*	*	0	1	0	1	*	0
temp_vcf4_19VR003219.vcf	1542	1497	45	0	0	0	1154.16666666667	339.833333333333	0	0	0	0.00294261893084846	0	*	*	0	1	0	1	*	0
temp_vcf4_19VR003231.vcf	1542	1497	45	0	0	0	1154.16666666667	339.833333333333	0	0	0	0.00294261893084846	0	*	*	0	1	0	1	*	0
temp_vcf4_19VR003237.vcf	1542	1497	45	4.16634313300043e-05	4.29158390854153e-05	0	1154.16666666667	339.833333333333	5.56635475328809e-05	0	2.86896024099266e-05	0.00294261893084846	0.0320161396429981	0.0640322792859962	*	4.15254729481168e-05	2	0.0320161396429981	2	*	0
temp_vcf4_19VR003316.vcf	1542	1497	45	0.000191109668048688	0.00019685444764935	0	1154.16666666667	339.833333333333	0.00023466868347599	7.01647943674511e-05	0.000128508288514822	0.00297812152583781	0.0736587637751657	0.135398125738326	0.0238388036240116	0.000191073317185903	4	0.0736587637751657	4	*	0
temp_vcf4_19VR003317.vcf	1542	1497	45	0.000275069012281968	0.000283337619865594	0	1154.0777838097	339.922216190295	0.000309120663411118	0.000198301621868016	0.00016421533667104	0.00304289827936637	0.0605353432277703	0.0890934601739286	0.0336867809493391	0.000274803763031383	7	0.0605353432277704	7	*	0
temp_vcf4_19VR003373.vcf	1542	1497	45	1.28472286253465e-05	1.32334178625814e-05	0	1154.16666666667	339.833333333333	0	5.82945361656235e-05	0	0.00297204512015694	0.00990000000000002	*	0.0198	1.28404669260701e-05	2	0.00990000000000002	2	*	0
temp_vcf4_19VR003464.vcf	1542	1497	45	2.6636637441714e-05	2.7437337966014e-05	0	1155.30668640513	338.661337281026	1.82578761473563e-05	5.89977252878605e-05	0.00259671309384943	0.0413690260558821	0.00216137328509552	0.0210903237506443	0.0199757686661706	2.66317071444974e-05	19	0.00216137328509552	19	*	0
temp_vcf4_19VR003468.vcf	1542	1497	45	0.000150231366262008	0.000154747339195736	0	1155.37698874947	338.623011250526	0.000172942162943909	9.40378245662195e-05	0.00268525250466276	0.0442185099992016	0.0092624616365597	0.0332899378975533	0.0318219135286724	0.000150169611487673	25	0.0092624616365597	25	*	0
temp_vcf4_19VR003542.vcf	1542	1497	45	0	0	0	1154.16666666667	339.833333333333	0	0	0	0.00294261893084846	0	*	*	0	1	0	1	*	0
temp_vcf4_19VR003675.vcf	1542	1497	45	8.07540074020738e-05	8.31814825744808e-05	0	1154.15104396794	339.848956032055	8.33949122222043e-05	8.31909408850998e-05	4.24204527600133e-05	0.00298462860827795	0.0248624821137962	0.0320256230397762	0.0282355414496527	8.06176462833861e-05	5	0.0248624821137963	5	*	0
temp_vcf4_19VR003676.vcf	1542	1497	45	0	0	0	1155.33333333333	338.666666666667	0	0	0.00259665320253895	0.0413385826771654	0	*	*	0	17	0	17	*	0
temp_vcf4_19VR003677.vcf	1542	1497	45	0	0	0	1154.16666666667	339.833333333333	0	0	0	0.00294261893084846	0	*	*	0	1	0	1	*	0
temp_vcf4_19VR003678.vcf	1542	1497	45	7.49915686390417e-05	7.72458242093536e-05	0	1155.33000949668	338.669990503324	7.56802311676758e-05	8.32709051245687e-05	0.00263534980935463	0.0413803874923977	0.00577792310215637	0.0436881515256877	0.0281821589917519	7.49406368632473e-05	20	0.00577792310215637	20	*	0
temp_vcf4_19VR003752.vcf	1542	1497	45	0	0	0	1153.33333333333	340.666666666666	0	0	0	0.0234833659491194	0	*	*	0	9	0	8	0	1
temp_vcf4_19VR003890.vcf	1542	1497	45	0	0	0	1155.33333333333	338.666666666667	0	0	0.00259665320253895	0.0442913385826772	0	*	*	0	18	0	18	*	0
temp_vcf4_19VR003891.vcf	1542	1497	45	0.000189440733549847	0.0001951353447788	0	1155.36511667551	338.634883324494	5.32444495347085e-05	0.00068097187513875	0.00262404139139018	0.044650864687045	0.0132548933217459	0.0614387126697415	0.076722980136223	0.000189110021451628	22	0.0132548933217459	22	*	0
temp_vcf4_19VR003895.vcf	1542	1497	45	0.000159210964893205	0.000163996865641498	0	1154.19295449295	339.807045507045	0.000212705602568137	0	0.000114139868231396	0.00294284657490796	0.0815229078430741	0.122284361764611	*	0.000158604879072129	3	0.0815229078430742	3	*	0
temp_vcf4_19VR003909.vcf	1542	1497	45	7.30467729715671e-05	7.52425677502715e-05	0	1154.16666666667	339.833333333333	0	0.000331451075788592	0	0.00311550588372121	0.0375319061763342	*	0.0562978592645013	7.30192727166035e-05	3	0.0375319061763342	3	*	0
temp_vcf4_19VR003913.vcf	1542	1497	45	0.000122676468930916	0.000126364138337657	0	1154.18578193642	339.814218063582	0.000140726627856946	7.86972429568087e-05	7.19768163554991e-05	0.00298265610198602	0.0315147285120314	0.040589404280835	0.0267307539488484	0.00012262540277055	6	0.0315147285120314	6	*	0
temp_vcf4_19VR003920.vcf	1542	1497	45	0.000745771370147038	0.000768189347205566	0	1154.1539580031	339.846041996896	8.52278089849352e-05	0.0030943818957422	4.45959465618847e-05	0.00427775391366929	0.0953745546621031	0.097642733564014	0.0951683565801112	0.000742214433168118	12	0.0953745546621031	12	*	0
temp_vcf4_19VR004002.vcf	1542	1497	45	0.000137423240817691	0.000141554199960508	0	1155.27439724729	338.72560275271	0.00015395858314061	0.000100500900213669	0.00267572466459667	0.0413587276125489	0.00962852048212204	0.0444495802017515	0.0340291297996786	0.000137371887552973	22	0.00962852048212204	22	*	0
temp_vcf4_19VR004328.vcf	1542	1497	45	0	0	0	1153.5	340.5	0	0	0	0.026431718061674	0	*	*	0	10	0	9	0	1
temp_vcf4_19VR004453.vcf	1542	1497	45	0	0	0	1154.16666666667	339.833333333333	0	0	0	0.00882785679254537	0	*	*	0	3	0	3	*	0
temp_vcf4_19VR004454.vcf	1542	1497	45	6.03528776867324e-05	6.21670924468546e-05	0	1154.16666666667	339.833333333333	5.30708359146535e-05	9.36092622112176e-05	2.69638193876766e-05	0.00887541427021565	0.0155036892949395	0.0306106495601579	0.0318008366493214	6.03256392799204e-05	6	0.0155036892949395	6	*	0
temp_vcf4_19VR004455.vcf	1542	1497	45	0.00640390396163922	0.00647282813713246	0.0041110263902306	1153.9671312219	340.032868778103	0.0018078591587835	0.0223614078882904	0.000967127961936181	0.0230595804871338	0.0922422612404341	0.0906610131239539	0.100613741494718	0.00640070471618961	105	0.0958954201014414	101	0.0461123105297017	4
temp_vcf4_19VR004458.vcf	1542	1497	45	3.59393456759879e-05	3.70196867283723e-05	0	1154.17141623489	339.828583765112	4.80158061903476e-05	0	2.46907945609921e-05	0.00882798017389139	0.0138426534940535	0.055370613976214	*	3.59083099716044e-05	4	0.0138426534940535	4	*	0
temp_vcf4_19VR004462.vcf	1542	1497	45	2.17651461805392e-05	2.24194090917778e-05	0	1154.16382231905	339.836177680949	0	9.8758924489495e-05	0	0.0029928128683474	0.0167748344126375	*	0.033549668825275	2.17572430773508e-05	2	0.0167748344126375	2	*	0
temp_vcf4_19VR004469.vcf	1542	1497	45	4.42205252281976e-05	4.55497995336544e-05	0	1154.16285161872	339.837148381279	3.62751702089414e-05	7.74506146133386e-05	1.83244333791308e-05	0.00298182037531821	0.0170405596600275	0.0209255637644995	0.026311111111111	4.42037864073346e-05	4	0.0170405596600275	4	*	0
temp_vcf4_19VR004555.vcf	1542	1497	45	0.00024028835259637	0.000247511449367804	0	1154.11892201206	339.881077987939	0.000245834715777888	0.000255389747057252	0.000131250908769992	0.00307276943879846	0.0617023808255761	0.0944878484735367	0.0433753697664233	0.000240087084924421	6	0.0617023808255761	6	*	0
temp_vcf4_19VR004571.vcf	1542	1497	45	6.13794700342943e-05	6.32245442838222e-05	0	1154.15218764096	339.847812359044	8.20057734208667e-05	0	4.2050892009474e-05	0.00882748068665085	0.0189245506401882	0.0473113766004706	*	6.13636531783017e-05	5	0.0189245506401882	5	*	0
temp_vcf4_19VR004578.vcf	1542	1497	45	1.94532240807693e-05	2.00379903357023e-05	0	1154.16412922391	339.835870776086	0	8.82687029595851e-05	0	0.00887259090581287	0.00749643317541909	*	0.0299857327016764	1.9446000455043e-05	4	0.00749643317541909	4	*	0
temp_vcf4_19VR004702.vcf	1542	1497	45	0	0	0	1154.16666666667	339.833333333333	0	0	0	0.00882785679254537	0	*	*	0	3	0	3	*	0
temp_vcf4_19VR004825.vcf	1542	1497	45	0	0	0	1154.16666666667	339.833333333333	0	0	0	0.00882785679254537	0	*	*	0	3	0	3	*	0
temp_vcf4_19VR005044.vcf	1542	1497	45	0.000171160665221172	0.000176305775398161	0	1153.83607049749	340.163929502507	0.000146775060830708	0.000278028850599854	7.4812296603737e-05	0.00602085545572536	0.0263764975361994	0.0338464863618845	0.031510847850857	0.000171053810221786	10	0.0263764975361994	10	*	0
temp_vcf4_19VR005160.vcf	1542	1497	45	0.000263702475565605	0.00027162940368882	0	1154.17436661649	339.82563338351	0.000352311772885941	0	0.0001804437706843	0.00294268560627224	0.0369391393724187	0.0406330533096606	*	0.000263508776327241	11	0.0369391393724187	11	*	0
temp_vcf4_19VR005334.vcf	1542	1497	45	0.000108879129158467	0.000112152048872649	0	1154.13292818208	339.833284863435	5.39361560318984e-05	0.000310864556745311	1.74832706882533e-05	0.00898539110092929	0.0167808337067119	0.0207399452584197	0.0263971253229649	0.000108825121314604	10	0.0167808337067119	10	*	0
temp_vcf4_19VR005339.vcf	1542	1497	45	0	0	0	1153.83333333333	340.166666666666	0	0	0	0.00587947084762372	0	*	*	0	2	0	2	*	0
temp_vcf4_19VR005340.vcf	1542	1497	45	1.32231913267231e-05	1.36206820479673e-05	0	1153.33161784112	340.668382158881	0	5.98534002380576e-05	0	0.0205780557293291	0.00226377964410735	*	0.0203740167969662	1.32127216582141e-05	9	0.00254675209962077	8	0	1
temp_vcf4_19VR005507.vcf	1542	1497	45	5.56314978152755e-05	5.73037873287607e-05	0	1153.33670951824	340.663290481755	5.687616838276e-05	5.92561549852637e-05	2.87461001417332e-05	0.0264489715553928	0.00612510318312671	0.0218573023158108	0.0201795376163414	5.5610534736559e-05	14	0.00659626496644415	13	0	1
temp_vcf4_19VR005510.vcf	1542	1497	45	1.36513011017694e-05	1.40616608543276e-05	0	1154	340	0	6.19126655850834e-05	0	0.00591363412926579	0.00701499191931876	*	0.0210449757579563	1.36478442010093e-05	3	0.00701499191931877	3	*	0
temp_vcf4_19VR005511.vcf	1542	1497	45	0	0	0	1153.83333333333	340.166666666666	0	0	0	0.00587947084762372	0	*	*	0	2	0	2	*	0
temp_vcf4_19VR005512.vcf	1542	1497	45	3.38393868388493e-05	1.58163388519755e-05	0.00063340611653552	1153.83333333333	340.166666666666	0	6.96042898424517e-05	0	0.00591467725988494	0.00591631109039403	*	0.0236652443615761	3.38111863163734e-05	4	0.00788841478719204	3	0.0284716049382716	1
temp_vcf4_19VR005517.vcf	1542	1497	45	0.000105195014492809	0.000108357189277162	0	1153.99825762643	340.001742373571	8.83517555898733e-05	0.000177213622254794	4.49499135858209e-05	0.00597239813429592	0.0231670078910945	0.0339791995485499	0.0301157282960058	0.000105167999505617	7	0.0231670078910945	7	*	0
temp_vcf4_19VR005524.vcf	1542	1497	45	0	0	0	1154	340	0	0	0	0.00588235294117647	0	*	*	0	2	0	2	*	0
temp_vcf4_19VR005611.vcf	1542	1497	45	5.31106828252976e-05	5.47071963370801e-05	0	1154.01561822126	339.984381778742	7.09666937115119e-05	0	3.59731621084247e-05	0.00588262316502991	0.0163671952502853	0.0272786587504755	*	5.30713205262169e-05	5	0.0163671952502853	5	*	0
temp_vcf4_19VR005613.vcf	1542	1497	45	0	0	0	1154.16666666667	339.833333333333	0	0	0	0.00882785679254537	0	*	*	0	3	0	3	*	0
temp_vcf4_19VR005785.vcf	1542	1497	45	0	0	0	1154	340	0	0	0	0.00588235294117647	0	*	*	0	2	0	2	*	0
temp_vcf4_19VR005799.vcf	1542	1497	45	0	0	0	1154	340	0	0	0	0	*	*	*	0	0	*	0	*	0
temp_vcf4_19VR005803.vcf	1542	1497	45	0	0	0	1154	340	0	0	0	0.00588235294117647	0	*	*	0	2	0	2	*	0
temp_vcf4_19VR005806.vcf	1542	1497	45	7.56607366472196e-05	7.79351074883184e-05	0	1153.83333333333	340.166666666666	4.85510333418633e-05	0.000178292176204976	2.49923987144347e-05	0.00597148401260609	0.0291628099722546	0.0560109730610934	0.0606402668279249	7.5649312509091e-05	4	0.0291628099722546	4	*	0
temp_vcf4_19VR005946.vcf	1542	1497	45	7.92729684259969e-05	8.16559233887023e-05	0	1153	341	0.000106018141641706	0	0.000921676121516712	0.0234604105571848	0.00939411381139794	0.0407078265160578	*	7.91981060623692e-05	13	0.0101769566290144	12	0	1
temp_vcf4_19VR005949.vcf	1542	1497	45	0	0	0	1153.83333333333	340.166666666666	0	0	0	0.00587947084762372	0	*	*	0	2	0	2	*	0
temp_vcf4_19VR006103.vcf	1542	1497	45	0	0	0	1154	340	0	0	0	0.00588235294117647	0	*	*	0	2	0	2	*	0
temp_vcf4_19VR006108.vcf	1542	1497	45	0.000491812332346866	0.000506596270192964	0	1153.94094942062	340.059050579376	0.000571951485706504	0.000289292038757856	0.00116329114678358	0.00603371438174546	0.0505060126576468	0.0599383888458347	0.0982679125605208	0.000491303625074385	15	0.0505060126576468	15	*	0
temp_vcf4_19VR006112.vcf	1542	1497	45	4.70666534284362e-05	4.84814826898121e-05	0	1153.98852901484	340.011470985155	2.93374632016958e-05	0.000113883462429382	1.49104408754242e-05	0.00594018197248527	0.0181255759656395	0.0338208297136486	0.0386814741489094	4.70183552934877e-05	4	0.0181255759656395	4	*	0
temp_vcf4_19VR006113.vcf	1542	1497	45	0.000208318964950306	0.000214581058085084	0	1153.98940464484	340.010595355157	3.844126824044e-05	0.000814289411815513	1.96622762637196e-05	0.00339743723481026	0.0642361105469201	0.0443504394514553	0.0922767044277151	0.000208288296196239	5	0.0642361105469201	5	*	0
temp_vcf4_19VR006329.vcf	1542	1497	45	0	0	0	1154.33333333333	339.666666666667	0	0	0.000866300895177592	0.00294406280667321	0	*	*	0	2	0	2	*	0
temp_vcf4_19VR006332.vcf	1542	1497	45	3.50901229388757e-05	3.61449362536716e-05	0	1154.01854563201	339.981454367984	0	0.000159152709292139	0	0.00302316033659574	0.027044581972994	*	0.054089163945988	3.50772788235979e-05	2	0.027044581972994	2	*	0
temp_vcf4_19VR006520.vcf	1542	1497	45	0	0	0	1153.33333333333	340.666666666666	0	0	0	0.0205479452054795	0	*	*	0	8	0	7	0	1
temp_vcf4_19VR006679.vcf	1542	1497	45	3.64681486166355e-05	3.75643855489993e-05	0	1154.01013941698	339.989860583016	4.87291083900371e-05	0	2.47040135809656e-05	0.00588252836884721	0.0140502432255417	0.0281004864510833	*	3.64468047355166e-05	4	0.0140502432255417	4	*	0
temp_vcf4_19VR006682.vcf	1542	1497	45	0.000111123416575709	0.000114463799839508	0	1154.00760092717	339.992399072829	7.93022608687017e-05	0.000234819651157704	4.02664212599187e-05	0.000119797451105902	0.0342530126489564	0.030489668935988	0.039898028218409	0.000111066837383127	5	0.0342530126489564	5	*	0
temp_vcf4_19VR006818.vcf	1542	1497	45	0	0	0	1154	340	0	0	0	0.00588235294117647	0	*	*	0	2	0	2	*	0
temp_vcf4_19VR007032.vcf	1542	1497	45	9.8814620147817e-05	0.000101784999510978	0	1153.33333333333	340.666666666666	0	0.000447276353036988	0	0.0237270695411493	0.0152258178565415	*	0.152258178565415	9.87407124289331e-05	10	0.0169175753961572	9	0	1
temp_vcf4_19VR007126.vcf	1542	1497	45	0	0	0	1154.16666666667	339.833333333333	0	0	0	0.00588523786169691	0	*	*	0	2	0	2	*	0
temp_vcf4_19VR007190.vcf	1542	1497	45	0.000105194583159457	0.000108356744977877	0	1154.01625619767	339.983743802324	0.000105353170055069	0.000119507997329422	5.38020712150775e-05	6.10011662243181e-05	0.0405419011989034	0.040516346961924	0.0406185639098418	0.000105167058881721	4	0.0405419011989034	4	*	0
temp_vcf4_19VR007191.vcf	1542	1497	45	2.25498253473244e-05	2.32276758086668e-05	0	1154	340	0	0.000102270090251689	0	0.00299322289156627	0.0173826423918566	*	0.0347652847837132	2.25455802747816e-05	2	0.0173826423918566	2	*	0
temp_vcf4_19VR007270.vcf	1542	1497	45	0	0	0	1154	340	0	0	0	0.00294117647058824	0	*	*	0	1	0	1	*	0
temp_vcf4_19VR007359.vcf	1542	1497	45	0	0	0	1154	340	0	0	0	0	*	*	*	0	0	*	0	*	0
temp_vcf4_19VR007474.vcf	1542	1497	45	0.000386312067527313	0.000397924654727533	0	1153.98836126629	340.011638733706	0	0.0017519788744457	0	0.00128987439058694	0.297726624786564	*	0.297726624786564	0.000386156452382054	2	0.297726624786564	2	*	0
temp_vcf4_19VR007493.vcf	1542	1497	45	0	0	0	1154.16666666667	339.833333333333	0	0	0	0.00588523786169691	0	*	*	0	2	0	2	*	0
temp_vcf4_19VR007606.vcf	1542	1497	45	4.18878045156172e-05	4.31469569559665e-05	0	1153.99633389735	340.003666102651	3.69703807460706e-05	6.44913949625092e-05	1.86697373285811e-05	0.00885601711614859	0.0107560583690345	0.0213126169818267	0.0219111162505536	4.18523671946868e-05	6	0.0107560583690345	6	*	0
temp_vcf4_19VR007749.vcf	1542	1497	45	1.94074700654791e-05	1.9990860949211e-05	0	1154.00506261657	339.994937383426	2.59325715375237e-05	0	1.31609905469454e-05	0.00294122026550136	0.0149571789410997	0.0299143578821994	*	1.9399713282879e-05	2	0.0149571789410997	2	*	0
temp_vcf4_19VR008338.vcf	1542	1497	45	1.39184632258144e-05	1.43368539039451e-05	0	1154	340	1.85981545010449e-05	0	9.39500583595657e-06	0.00294117647058824	0.0107242913109121	0.0214485826218243	*	1.39095866548795e-05	2	0.0107242913109121	2	*	0
temp_vcf4_19VR008902.vcf	1542	1497	45	7.87728924445537e-05	8.11408150631275e-05	0	1153.33333333333	340.666666666666	3.37489231984192e-05	0.000242301493328743	1.72119508311938e-05	0.0206745206124422	0.0121435470942319	0.038914099588077	0.0825213713542423	7.87519266811409e-05	10	0.0134928301047021	9	0	1
temp_vcf4_19VR009188.vcf	1542	1497	45	0.000378410622236383	0.000389785691041083	0	1153.30721393035	340.692786069652	0.000134726718015593	0.00125663912239231	7.03503656569933e-05	0.0209878022722215	0.0528527972820921	0.0774265808054442	0.106631902123031	0.000377030330806105	11	0.0528527972820921	11	*	0
