file	product	N_diffs	S_diffs	N_diffs_vs_ref	S_diffs_vs_ref	N_sites	S_sites	piN	piS	mean_dN_vs_ref	mean_dS_vs_ref	mean_gdiv_polymorphic	mean_N_gdiv	mean_S_gdiv
temp_vcf4_17VR013816.vcf	HA	0.0370239835852197	0	0.0188644349916775	1	1323.52200850749	374.477991492509	2.79738329602625e-05	0	1.42532083867275e-05	0.0026703839016398	0.0185085680841223	0.0370171361682445	*
temp_vcf4_17VR013816.vcf	HA_antigenic	0	0	0	0	319.333333333333	82.6666666666667	0	0	0	0	*	*	*
temp_vcf4_17VR013816.vcf	HA_nonantigenic	0.0370239835852197	0	0.0188644349916775	1	1006.18867517415	292.811324825844	3.67962634630245e-05	0	1.87484071895486e-05	0.00341516845564212	0.0185085680841223	0.0370171361682445	*
temp_vcf4_17VR013817.vcf	HA	0	0	0	1	1323.5	374.499999999999	0	0	0	0.0026702269692924	0	*	*
temp_vcf4_17VR013817.vcf	HA_antigenic	0	0	0	0	319.333333333333	82.6666666666667	0	0	0	0	*	*	*
temp_vcf4_17VR013817.vcf	HA_nonantigenic	0	0	0	1	1006.16666666666	292.833333333334	0	0	0	0.00341491178144564	0	*	*
temp_vcf4_17VR013818.vcf	HA	0.0413763424371839	0.0909797199973485	0.0211228460255698	1.04651552145099	1323.48941537041	374.51058462959	3.12630701512666e-05	0.00024292963598701	1.5959965965922e-05	0.00279435499129097	0.0330500012150272	0.0413533428026998	0.0454233310287044
temp_vcf4_17VR013818.vcf	HA_antigenic	0.0413763424371839	0	0.0211228460255698	0	319.319251435983	82.680748564017	0.000129576723768185	0	6.61496165063022e-05	0	0.0413533428026998	0.0413533428026998	*
temp_vcf4_17VR013818.vcf	HA_nonantigenic	0	0.0909797199973485	0	1.04651552145099	1006.17016393442	292.829836065574	0	0.000310691428236073	0	0.00357380086507525	0.030282220685803	*	0.0454233310287044
temp_vcf4_17VR013863.vcf	HA	0.499270116413497	0	0.522826766729206	1	1323.5	374.499999999999	0.000377234693172268	0	0.000395033446716438	0.0026702269692924	0.24947893872069	0.498957877441381	*
temp_vcf4_17VR013863.vcf	HA_antigenic	0	0	0	0	319.333333333333	82.6666666666667	0	0	0	0	*	*	*
temp_vcf4_17VR013863.vcf	HA_nonantigenic	0.499270116413497	0	0.522826766729206	1	1006.16666666666	292.833333333334	0.000496210153798408	0	0.000519622428420614	0.00341491178144564	0.24947893872069	0.498957877441381	*
temp_vcf4_17VR013864.vcf	HA	0.2850398561973	0	0.162943415337167	1.0002740476843	1323.436343345	374.563656654997	0.000215378591974328	0	0.00012312146039856	0.00267050481249874	0.0949671269673955	0.142450690451093	*
temp_vcf4_17VR013864.vcf	HA_antigenic	0.243168086124834	0	0.141567695961995	0	319.262549485352	82.7374505146477	0.000761655529334143	0	0.000443420927979811	0	0.243052566844015	0.243052566844015	*
temp_vcf4_17VR013864.vcf	HA_nonantigenic	0.0418717700724659	0	0.0213757193751713	1.0002740476843	1006.17379385965	292.826206140351	4.16148485758581e-05	0	2.12445598420674e-05	0.00341593076954617	0.0209244070290859	0.0418488140581719	*
temp_vcf4_17VR014028.vcf	HA	0.104656544680118	0	1	1	1323.38922558923	374.444612794612	7.90822100229208e-05	0	0.000755635591301387	0.00267062194468936	0.0348796419110673	0.104638925733202	*
temp_vcf4_17VR014028.vcf	HA_antigenic	0.104656544680118	0	0	0	319.222558922559	82.6112794612795	0.000327848210456538	0	0	0	0.104638925733202	0.104638925733202	*
temp_vcf4_17VR014028.vcf	HA_nonantigenic	0	0	1	1	1006.16666666666	292.833333333334	0	0	0.000993871128043733	0.00341491178144564	0	*	*
temp_vcf4_17VR014029.vcf	HA	0	0	0	1	1323.5	374.499999999999	0	0	0	0.0026702269692924	0	*	*
temp_vcf4_17VR014029.vcf	HA_antigenic	0	0	0	0	319.333333333333	82.6666666666667	0	0	0	0	*	*	*
temp_vcf4_17VR014029.vcf	HA_nonantigenic	0	0	0	1	1006.16666666666	292.833333333334	0	0	0	0.00341491178144564	0	*	*
temp_vcf4_17VR014030.vcf	HA	0.441862326147149	0	0.327683615819209	1	1323.5	374.499999999999	0.000333858954399054	0	0.000247588678367366	0.0026702269692924	0.220307063742858	0.440614127485716	*
temp_vcf4_17VR014030.vcf	HA_antigenic	0.441862326147149	0	0.327683615819209	0	319.333333333333	82.6666666666667	0.0013837024827155	0	0.00102614911008103	0	0.440614127485716	0.440614127485716	*
temp_vcf4_17VR014030.vcf	HA_nonantigenic	0	0	0	1	1006.16666666666	292.833333333334	0	0	0	0.00341491178144564	0	*	*
temp_vcf4_17VR014031.vcf	HA	0.0470994102533054	0.0732713613710926	0.023819103832405	1.0380658436214	1323.4786759775	374.5213240225	3.55875852843028e-05	0.000195640025470728	1.79973461339017e-05	0.0027717135902228	0.0300739571302426	0.0235310790896949	0.0732336703415808
temp_vcf4_17VR014031.vcf	HA_antigenic	0	0	0	0	319.333333333333	82.6666666666667	0	0	0	0	*	*	*
temp_vcf4_17VR014031.vcf	HA_nonantigenic	0.0470994102533054	0.0732713613710926	0.023819103832405	1.0380658436214	1006.14534264416	292.854657355835	4.68117360952321e-05	0.000250197015928156	2.36736213177791e-05	0.00354464515945905	0.0300739571302426	0.0235310790896949	0.0732336703415808
temp_vcf4_17VR014077.vcf	HA	0.0913907823095267	0.0806003275462732	0.0463983863390971	1.04203152364273	1323.48230691468	374.517693085319	6.90532709293093e-05	0.000215211000800199	3.50578062862522e-05	0.00278232922738138	0.0343660126328962	0.0304334379461587	0.0805297493260049
temp_vcf4_17VR014077.vcf	HA_antigenic	0	0.0806003275462732	0	0.042031523642732	319.333333333333	82.6666666666667	0	0.000975003962253305	0	0.00050844585051692	0.0805297493260049	*	0.0805297493260049
temp_vcf4_17VR014077.vcf	HA_nonantigenic	0.0913907823095267	0	0.0463983863390971	1	1006.14897358134	292.851026418654	9.08322571599166e-05	0	4.61148274831947e-05	0.00341470546383	0.022825078459619	0.0304334379461587	*
temp_vcf4_17VR014149.vcf	HA	0.0592732096378478	0.0204909885269716	0.0154310634015431	1.01034928848642	1323.4609375	374.495117187499	4.47865199178557e-05	5.47163035952546e-05	1.16596289050224e-05	0.00269789709429126	0.0199344935884454	0.0296268064626493	0.0204843614284831
temp_vcf4_17VR014149.vcf	HA_antigenic	0.0303960879755228	0	0.0154310634015431	0	319.333333333333	82.6666666666667	9.51860792552907e-05	0	4.83227455163145e-05	0	0.0303858913676813	0.0303858913676813	*
temp_vcf4_17VR014149.vcf	HA_nonantigenic	0.028877121662325	0.0204909885269716	0	1.01034928848642	1006.12760416666	292.828450520834	2.87012517524979e-05	6.99760849416296e-05	0	0.00345031122040696	0.0164506943287001	0.0288677215576172	0.0204843614284831
temp_vcf4_17VR014170.vcf	HA	0.0710888398165449	0.0399766576887767	0.0368608799048751	1.0204010462075	1323.5	374.499999999999	5.37127614783112e-05	0.000106746749502742	2.78510615072725e-05	0.00272470239307744	0.0369913326391006	0.0710043108750271	0.0399696870422748
temp_vcf4_17VR014170.vcf	HA_antigenic	0	0.0399766576887767	0	0.0204010462074978	319.333333333333	82.6666666666667	0	0.000483588601073912	0	0.000246786849284248	0.0399696870422748	*	0.0399696870422748
temp_vcf4_17VR014170.vcf	HA_nonantigenic	0.0710888398165449	0	0.0368608799048751	1	1006.16666666666	292.833333333334	7.06531454197897e-05	0	3.66349642917428e-05	0.00341491178144564	0.0355021554375136	0.0710043108750271	*
temp_vcf4_17VR014171.vcf	HA	0.0551355617110662	0.0372584071356736	0.0279645149480173	1.01898614011771	1323.50779054917	374.492209450829	4.16586604965797e-05	9.94904732205535e-05	2.11290897928254e-05	0.00272098087597603	0.0230943136426848	0.0275629606842249	0.0372513332022892
temp_vcf4_17VR014171.vcf	HA_antigenic	0.0320326053014253	0.0372584071356736	0.0162786911932281	0.0189861401177141	319.333333333333	82.6666666666667	0.000100310872551436	0.000450706537931536	5.09771122961213e-05	0.000229671049811057	0.0346393620074082	0.0320273908125273	0.0372513332022892
temp_vcf4_17VR014171.vcf	HA_nonantigenic	0.0231029564096409	0	0.0116858237547893	1	1006.17445721583	292.825542784164	2.29611835640994e-05	0	1.16141129115172e-05	0.00341500263430599	0.0115492652779613	0.0230985305559226	*
temp_vcf4_17VR014172.vcf	HA	0.393082672773365	0	0.220808210602616	1	1323.44867549669	374.55132450331	0.000297013915273927	0	0.000166843047781771	0.00266986106997777	0.130873196371211	0.196309794556816	*
temp_vcf4_17VR014172.vcf	HA_antigenic	0	0	0	0	319.333333333333	82.6666666666667	0	0	0	0	*	*	*
temp_vcf4_17VR014172.vcf	HA_nonantigenic	0.393082672773365	0	0.220808210602616	1	1006.11534216335	292.884657836645	0.000390693448653867	0	0.000219466100305988	0.00341431335934894	0.130873196371211	0.196309794556816	*
temp_vcf4_17VR014174.vcf	HA	0.0905625035117627	0.11608585094403	0.0463427123242038	1.05926456157826	1323.52458685724	374.475413142762	6.8425252096606e-05	0.00030999592194795	3.50146214013647e-05	0.00282866250867698	0.0344313940179417	0.0452687855022825	0.0386835977010285
temp_vcf4_17VR014174.vcf	HA_antigenic	0.0448468173597375	0.0406046256109615	0.022944057746842	0.0207267144319345	319.333333333333	82.6666666666667	0.000140438885260138	0.000491184987229373	7.18498676832212e-05	0.000250726384257272	0.0427147457017431	0.044835255921903	0.0405942354815831
temp_vcf4_17VR014174.vcf	HA_nonantigenic	0.0457156861520252	0.0754812253330688	0.0233986545773618	1.03853784714632	1006.1912535239	292.808746476097	4.54343903228327e-05	0.000257783369661843	2.3254678964277e-05	0.00354681292702129	0.0302897181760411	0.0457023150826621	0.0377282788107511
temp_vcf4_17VR014176.vcf	HA	0	0	0	1	1323.5	374.499999999999	0	0	0	0.0026702269692924	0	*	*
temp_vcf4_17VR014176.vcf	HA_antigenic	0	0	0	0	319.333333333333	82.6666666666667	0	0	0	0	*	*	*
temp_vcf4_17VR014176.vcf	HA_nonantigenic	0	0	0	1	1006.16666666666	292.833333333334	0	0	0	0.00341491178144564	0	*	*
temp_vcf4_17VR014177.vcf	HA	0.101049114103252	0.0262141852759769	0.0514632105164229	1.01328168234643	1323.50249247196	374.497507528037	7.63497724243178e-05	6.99982903731726e-05	3.88841054770534e-05	0.00270571008345248	0.02544724057343	0.0336752147820639	0.0262105585209582
temp_vcf4_17VR014177.vcf	HA_antigenic	0	0.0262141852759769	0	0.0132816823464305	319.333333333333	82.6666666666667	0	0.000317107079951334	0	0.000160665512255208	0.0262105585209582	*	0.0262105585209582
temp_vcf4_17VR014177.vcf	HA_nonantigenic	0.101049114103252	0	0.0514632105164229	1	1006.16915913863	292.830840861372	0.000100429548237952	0	5.1147672385904e-05	0.00341494084796009	0.0252564110865479	0.0336752147820639	*
temp_vcf4_17VR014303.vcf	HA	0	0	0	1	1323.5	374.499999999999	0	0	0	0.0026702269692924	0	*	*
temp_vcf4_17VR014303.vcf	HA_antigenic	0	0	0	0	319.333333333333	82.6666666666667	0	0	0	0	*	*	*
temp_vcf4_17VR014303.vcf	HA_nonantigenic	0	0	0	1	1006.16666666666	292.833333333334	0	0	0	0.00341491178144564	0	*	*
temp_vcf4_17VR014305.vcf	HA	0.0204582224309796	0.0225959635931935	0.0103334899013621	1.01142659279778	1323.5	374.499999999999	1.54576671182316e-05	6.03363513836945e-05	7.80769920767823e-06	0.00270073856554816	0.0143484897750921	0.0204534177756412	0.0225920515496352
temp_vcf4_17VR014305.vcf	HA_antigenic	0	0	0	0	319.333333333333	82.6666666666667	0	0	0	0	*	*	*
temp_vcf4_17VR014305.vcf	HA_nonantigenic	0.0204582224309796	0.0225959635931935	0.0103334899013621	1.01142659279778	1006.16666666666	292.833333333334	2.03328366052473e-05	7.71632222875133e-05	1.02701572648953e-05	0.00345393258781257	0.0143484897750921	0.0204534177756412	0.0225920515496352
temp_vcf4_17VR014310.vcf	HA	0.302137691198793	0	0.814595152140278	1	1323.22846828262	374.771531717379	0.000228333729541754	0	0.000615611870259652	0.00266829232043728	0.151029890249835	0.30205978049967	*
temp_vcf4_17VR014310.vcf	HA_antigenic	0	0	0	0	319.333333333333	82.6666666666667	0	0	0	0	*	*	*
temp_vcf4_17VR014310.vcf	HA_nonantigenic	0.302137691198793	0	0.814595152140278	1	1005.89513494928	293.104865050714	0.0003003669872745	0	0.000809821147192793	0.0034117482145067	0.151029890249835	0.30205978049967	*
temp_vcf4_17VR014358.vcf	HA	0.340156801487112	0	0.137623871285746	1	1323.43536260914	374.455376563866	0.000257025625200535	0	0.000103989869980822	0.00267054517730884	0.0339677480050344	0.037741942227816	*
temp_vcf4_17VR014358.vcf	HA_antigenic	0.0684298512275538	0	0.0348077144655091	0	319.344106463878	82.6558935361217	0.000214282492904857	0	0.000108997516349801	0	0.0341988300970986	0.0341988300970986	*
temp_vcf4_17VR014358.vcf	HA_nonantigenic	0.271726950259558	0	0.102816156820237	1	1006.09125614526	292.799483027746	0.000270081812757873	0	0.000102193669005898	0.00341530657656673	0.0339099774820184	0.0387542599794496	*
temp_vcf4_17VR014360.vcf	HA	0.168739305138119	0.785404224805523	0.0904262411956141	1.55878650553877	1323.50454868515	374.495451314853	0.000127494314474216	0.00209723301590972	6.83233323870698e-05	0.00416236432262628	0.19076445251746	0.0843448294415099	0.392566301852139
temp_vcf4_17VR014360.vcf	HA_antigenic	0.0269254222444127	0	0.0136460554371002	0	319.337882018479	82.662117981521	8.43164051637776e-05	0	4.27323415275566e-05	0	0.0269196812162156	0.0269196812162156	*
temp_vcf4_17VR014360.vcf	HA_nonantigenic	0.141813882893706	0.785404224805523	0.0767801857585139	1.55878650553877	1006.16666666666	292.833333333334	0.00014094472376383	0.00268208614048556	7.63096098312216e-05	0.00532311840252283	0.231725645342771	0.141769977666804	0.392566301852139
temp_vcf4_17VR014361.vcf	HA	0.27797494787459	0.0269153190771817	0.156518412994338	1.01363271852446	1323.49093295156	374.509067048436	0.000210031622396285	7.18682708787413e-05	0.0001182617946957	0.00270656389313363	0.0608875270983401	0.0925146334905058	0.0268937350201832
temp_vcf4_17VR014361.vcf	HA_antigenic	0.026850414211378	0.0269153190771817	0.0136005726556908	0.0136327185244587	319.324266284896	82.6757337151038	8.40851042226228e-05	0.000325552829926257	4.25917291345361e-05	0.000164893831743137	0.0268624645892197	0.0268311941582562	0.0268937350201832
temp_vcf4_17VR014361.vcf	HA_nonantigenic	0.251124533663212	0	0.142917840338647	1	1006.16666666666	292.833333333334	0.000249585423551313	0	0.000142041915194945	0.00341491178144564	0.0835709021044204	0.125356353156631	*
temp_vcf4_17VR014363.vcf	HA	0	0	0	1	1323.5	374.499999999999	0	0	0	0.0026702269692924	0	*	*
temp_vcf4_17VR014363.vcf	HA_antigenic	0	0	0	0	319.333333333333	82.6666666666667	0	0	0	0	*	*	*
temp_vcf4_17VR014363.vcf	HA_nonantigenic	0	0	0	1	1006.16666666666	292.833333333334	0	0	0	0.00341491178144564	0	*	*
temp_vcf4_17VR014364.vcf	HA	0.260749405682565	0	0.14898074789484	1	1323.49139943482	374.508600565179	0.000197016320464126	0	0.000112566464699703	0.0026701656477071	0.0868643845357788	0.130296576803668	*
temp_vcf4_17VR014364.vcf	HA_antigenic	0.0254782229557892	0	0.0129008477699963	0	319.324732768153	82.6752672318466	7.97878157915432e-05	0	4.04004026188695e-05	0	0.0254688317936234	0.0254688317936234	*
temp_vcf4_17VR014364.vcf	HA_nonantigenic	0.235271182726776	0	0.136079900124844	1	1006.16666666666	292.833333333334	0.000233829235772844	0	0.000135245883841157	0.00341491178144564	0.117562160906856	0.235124321813713	*
temp_vcf4_17VR014365.vcf	HA	0.103735519288149	0	0.0548541575968655	1	1323.4634305616	374.536569438397	7.83818554352721e-05	0	4.14474297741559e-05	0.00266996625055722	0.0518451789912038	0.103690357982408	*
temp_vcf4_17VR014365.vcf	HA_antigenic	0	0	0	0	319.333333333333	82.6666666666667	0	0	0	0	*	*	*
temp_vcf4_17VR014365.vcf	HA_nonantigenic	0.103735519288149	0	0.0548541575968655	1	1006.13009722827	292.869902771732	0.000103103484901132	0	5.45199450329339e-05	0.00341448537571107	0.0518451789912038	0.103690357982408	*
temp_vcf4_17VR014366.vcf	HA	0	0	0	1	1323.5	374.499999999999	0	0	0	0.0026702269692924	0	*	*
temp_vcf4_17VR014366.vcf	HA_antigenic	0	0	0	0	319.333333333333	82.6666666666667	0	0	0	0	*	*	*
temp_vcf4_17VR014366.vcf	HA_nonantigenic	0	0	0	1	1006.16666666666	292.833333333334	0	0	0	0.00341491178144564	0	*	*
temp_vcf4_17VR014367.vcf	HA	0.128737978351393	0	0.0665801801554812	1	1323.52081434215	374.479185657854	9.72693265994327e-05	0	5.03053517813959e-05	0.00267037538613337	0.0429034412935085	0.0643551619402627	*
temp_vcf4_17VR014367.vcf	HA_antigenic	0	0	0	0	319.333333333333	82.6666666666667	0	0	0	0	*	*	*
temp_vcf4_17VR014367.vcf	HA_nonantigenic	0.128737978351393	0	0.0665801801554812	1	1006.18748100881	292.812518991189	0.000127946312969746	0	6.61707498971539e-05	0.0034151545277	0.0429034412935085	0.0643551619402627	*
temp_vcf4_17VR014370.vcf	HA	0	0	0	2	1323.5	374.499999999999	0	0	0	0.0053404539385848	0	*	*
temp_vcf4_17VR014370.vcf	HA_antigenic	0	0	0	0	319.333333333333	82.6666666666667	0	0	0	0	*	*	*
temp_vcf4_17VR014370.vcf	HA_nonantigenic	0	0	0	2	1006.16666666666	292.833333333334	0	0	0	0.00682982356289128	0	*	*
temp_vcf4_17VR014371.vcf	HA	0	0	0	1	1323.5	374.499999999999	0	0	0	0.0026702269692924	0	*	*
temp_vcf4_17VR014371.vcf	HA_antigenic	0	0	0	0	319.333333333333	82.6666666666667	0	0	0	0	*	*	*
temp_vcf4_17VR014371.vcf	HA_nonantigenic	0	0	0	1	1006.16666666666	292.833333333334	0	0	0	0.00341491178144564	0	*	*
temp_vcf4_17VR014380.vcf	HA	0.0198938236199531	0	0.0100454436737623	1	1323.49665151878	374.503348481224	1.50312610138635e-05	0	7.59007864676849e-06	0.00267020309445948	0.00994453273515949	0.019889065470319	*
temp_vcf4_17VR014380.vcf	HA_antigenic	0.0198938236199531	0	0.0100454436737623	0	319.329984852109	82.6700151478912	6.22986395379266e-05	0	3.14578779014899e-05	0	0.019889065470319	0.019889065470319	*
temp_vcf4_17VR014380.vcf	HA_nonantigenic	0	0	0	1	1006.16666666666	292.833333333334	0	0	0	0.00341491178144564	0	*	*
temp_vcf4_17VR014484.vcf	HA	0.083497387609316	0.149811489933	0.026798642305387	1.07643225408606	1323.46111505357	374.492295928126	6.3090170659027e-05	0.000400038910177615	2.02489079585102e-05	0.00287437756608125	0.0291452148655802	0.0278150289418555	0.0374291580247687
temp_vcf4_17VR014484.vcf	HA_antigenic	0.0232141986262056	0.0408648702085861	0.0117384013415316	0.0208562019758507	319.325507732439	82.674492267561	7.26976018641664e-05	0.00049428631598165	3.67599864629891e-05	0.000252268884922249	0.0320218320904699	0.0232012225509535	0.0408424416299864
temp_vcf4_17VR014484.vcf	HA_nonantigenic	0.0602831889831104	0.108946619724414	0.0150602409638554	1.05557605211021	1006.13560732113	292.817803660566	5.99155705696735e-05	0.000372062826653481	1.49684007347219e-05	0.00360489027277124	0.0281863424572836	0.0301219321373065	0.0362913968230295
temp_vcf4_17VR014490.vcf	HA	0.0756582038223742	0	0.0393700787401575	1	1323.5	374.499999999999	5.71652465601618e-05	0	2.9746942757958e-05	0.0026702269692924	0.0378200756401513	0.0756401512803027	*
temp_vcf4_17VR014490.vcf	HA_antigenic	0	0	0	0	319.333333333333	82.6666666666667	0	0	0	0	*	*	*
temp_vcf4_17VR014490.vcf	HA_nonantigenic	0.0756582038223742	0	0.0393700787401575	1	1006.16666666666	292.833333333334	7.51945043787058e-05	0	3.91287845686509e-05	0.00341491178144564	0.0378200756401513	0.0756401512803027	*
temp_vcf4_17VR014505.vcf	HA	0	0	0	2	1323.5	374.499999999999	0	0	0	0.0053404539385848	0	*	*
temp_vcf4_17VR014505.vcf	HA_antigenic	0	0	0	0	319.333333333333	82.6666666666667	0	0	0	0	*	*	*
temp_vcf4_17VR014505.vcf	HA_nonantigenic	0	0	0	2	1006.16666666666	292.833333333334	0	0	0	0.00682982356289128	0	*	*
temp_vcf4_17VR014509.vcf	HA	0.256504462250016	0	0.151025991792066	1	1323.60068399453	374.399316005471	0.000193792935703164	0	0.000114102382703732	0.00267094505051229	0.128217141595289	0.256434283190577	*
temp_vcf4_17VR014509.vcf	HA_antigenic	0	0	0	0	319.333333333333	82.6666666666667	0	0	0	0	*	*	*
temp_vcf4_17VR014509.vcf	HA_nonantigenic	0.256504462250016	0	0.151025991792066	1	1006.26735066119	292.732649338806	0.000254906871500376	0	0.000150085354247885	0.00341608632401851	0.128217141595289	0.256434283190577	*
temp_vcf4_17VR014538.vcf	HA	0.506524380913345	0	0.424952347731216	1	1323.3619097102	374.638090289804	0.000382755750484211	0	0.000321115746654879	0.00266924273297049	0.168811933671097	0.253217900506645	*
temp_vcf4_17VR014538.vcf	HA_antigenic	0	0	0	0	319.333333333333	82.6666666666667	0	0	0	0	*	*	*
temp_vcf4_17VR014538.vcf	HA_nonantigenic	0.506524380913345	0	0.424952347731216	1	1006.02857637686	292.971423623139	0.000503489058668251	0	0.000422405841851583	0.00341330218365031	0.168811933671097	0.253217900506645	*
temp_vcf4_17VR014540.vcf	HA	0	0	0	2	1323.5	374.499999999999	0	0	0	0.0053404539385848	0	*	*
temp_vcf4_17VR014540.vcf	HA_antigenic	0	0	0	0	319.333333333333	82.6666666666667	0	0	0	0	*	*	*
temp_vcf4_17VR014540.vcf	HA_nonantigenic	0	0	0	2	1006.16666666666	292.833333333334	0	0	0	0.00682982356289128	0	*	*
temp_vcf4_17VR014542.vcf	HA	0.0742364288863369	0.0219274013942193	1.03784243748897	2.01107419712071	1323.18412175302	374.815878246977	5.61043831057953e-05	5.85017942590221e-05	0.00078435224578873	0.00536549893917662	0.0160130933116564	0.0370877206561286	0.021903118557681
temp_vcf4_17VR014542.vcf	HA_antigenic	0.0455828868345709	0	1.02331961591221	1	319.007773205304	82.9922267946959	0.000142889580327671	0	0.00320782031619533	0.0120493212270804	0.0151838742839438	0.0455516228518313	*
temp_vcf4_17VR014542.vcf	HA_nonantigenic	0.028653542051766	0.0219274013942193	0.0145228215767635	1.01107419712071	1006.17634854772	292.823651452283	2.8477654134013e-05	7.48826171843312e-05	1.44336741742392e-05	0.00345284334822752	0.016842312339369	0.0286238184604259	0.021903118557681
temp_vcf4_17VR014558.vcf	HA	0	0	0	1	1323.5	374.499999999999	0	0	0	0.0026702269692924	0	*	*
temp_vcf4_17VR014558.vcf	HA_antigenic	0	0	0	0	319.333333333333	82.6666666666667	0	0	0	0	*	*	*
temp_vcf4_17VR014558.vcf	HA_nonantigenic	0	0	0	1	1006.16666666666	292.833333333334	0	0	0	0.00341491178144564	0	*	*
temp_vcf4_17VR014572.vcf	HA	0.174371824826146	0.0989867066475281	0.0901716349961415	1.05220228384992	1323.47274161762	374.527258382377	0.00013175324231689	0.000264297736498705	6.81325970385523e-05	0.00280941442925808	0.0546524208615429	0.0581025644953909	0.0989544108215419
temp_vcf4_17VR014572.vcf	HA_antigenic	0.0844745393482799	0	0.0441739130434783	0	319.318608695652	82.6813913043478	0.000264546246438127	0	0.00013833804808282	0	0.084445156899811	0.084445156899811	*
temp_vcf4_17VR014572.vcf	HA_nonantigenic	0.0898972854778659	0.0989867066475281	0.0459977219526633	1.05220228384992	1006.15413292197	292.845867078031	8.93474295203616e-05	0.000338016403083306	4.57163772901091e-05	0.00359302418828247	0.0472042368519759	0.0449312682931808	0.0989544108215419
temp_vcf4_17VR014625.vcf	HA	0.0829138280753513	0	0.0433222958057395	1	1323.48555923473	374.514440765268	6.26480791549353e-05	0	3.27334858347751e-05	0.00267012400898785	0.0414454744918595	0.0828909489837191	*
temp_vcf4_17VR014625.vcf	HA_antigenic	0	0	0	0	319.333333333333	82.6666666666667	0	0	0	0	*	*	*
temp_vcf4_17VR014625.vcf	HA_nonantigenic	0.0829138280753513	0	0.0433222958057395	1	1006.1522259014	292.847774098602	8.24068425640764e-05	0	4.30573969728366e-05	0.00341474338699702	0.0414454744918595	0.0828909489837191	*
temp_vcf4_17VR014650.vcf	HA	0.0846710562754751	0.0391052257277106	0.0432264957264957	2.01992528019925	1323.49011396012	374.509886039885	6.39755865059878e-05	0.000104417071979632	3.26609887528018e-05	0.0053935165812529	0.024727995954279	0.0422917264774636	0.039056526816468
temp_vcf4_17VR014650.vcf	HA_antigenic	0.0432942178129859	0	0.0221153846153846	0	319.348076923077	82.6519230769231	0.000135570623221302	0	6.92516605343819e-05	0	0.0432525887573965	0.0432525887573965	*
temp_vcf4_17VR014650.vcf	HA_nonantigenic	0.0413768384624892	0.0391052257277106	0.0211111111111111	2.01992528019925	1006.14203703703	292.857962962963	4.1124251784906e-05	0.00013352966513892	2.09822374316859e-05	0.00689728651993221	0.0200968477534997	0.0413308641975307	0.039056526816468
temp_vcf4_17VR014747.vcf	HA	0	0	2	8	1324.16666666667	373.833333333332	0	0	0.00151038388923851	0.0213999108337049	0	*	*
temp_vcf4_17VR014747.vcf	HA_antigenic	0	0	2	0	319.333333333333	82.6666666666667	0	0	0.00626304801670146	0	0	*	*
temp_vcf4_17VR014747.vcf	HA_nonantigenic	0	0	0	8	1006.83333333333	292.166666666667	0	0	0	0.0273816314888762	0	*	*
temp_vcf4_17VR014815.vcf	HA	0.248317992878075	0.0732493109268352	0.129405606663153	4.03745390493247	1324.04523291881	373.954767081193	0.000187544946882719	0.000195877462663636	9.77350346089639e-05	0.0107966370811255	0.0321428032637242	0.062052623301652	0.036608769715317
temp_vcf4_17VR014815.vcf	HA_antigenic	0.0791378857994123	0	0.0412591687041565	0	319.374592502038	82.6254074979625	0.000247790173850186	0	0.000129187385824667	0	0.0791136994039969	0.0791136994039969	*
temp_vcf4_17VR014815.vcf	HA_nonantigenic	0.169180107078663	0.0732493109268352	0.0881464379589968	4.03745390493247	1006.67064041677	292.329359583232	0.00016805904561657	0.000250571174346857	8.75623410676841e-05	0.01381131854388	0.0269238148036939	0.0563655979342037	0.036608769715317
temp_vcf4_17VR014817.vcf	HA	0.179106013145343	0	1.09338889640313	1	1323.54181098824	374.458189011762	0.000135323275516027	0	0.000826108315827768	0.00267052511961112	0.0358114917836343	0.0596858196393904	*
temp_vcf4_17VR014817.vcf	HA_antigenic	0	0	0	0	319.333333333333	82.6666666666667	0	0	0	0	*	*	*
temp_vcf4_17VR014817.vcf	HA_nonantigenic	0.179106013145343	0	1.09338889640313	1	1006.2084776549	292.791522345097	0.000178000898544179	0	0.00108664250071855	0.00341539943503336	0.0358114917836343	0.0596858196393904	*
temp_vcf4_17VR014818.vcf	HA	0.0778074132941759	0.068411113815048	1.03977963741759	1.03545359749739	1323.5	374.499999999999	5.87891298029285e-05	0.000182673201108273	0.000785628740020849	0.00276489612148837	0.0292355182225413	0.0388921556344674	0.0683932798437719
temp_vcf4_17VR014818.vcf	HA_antigenic	0	0	0	0	319.333333333333	82.6666666666667	0	0	0	0	*	*	*
temp_vcf4_17VR014818.vcf	HA_nonantigenic	0.0778074132941759	0.068411113815048	1.03977963741759	1.03545359749739	1006.16666666666	292.833333333334	7.73305416208476e-05	0.000233617918548826	0.00103340696115713	0.00353598268923412	0.0292355182225413	0.0388921556344674	0.0683932798437719
temp_vcf4_17VR014826.vcf	HA	0.601919863853768	0	0.36969786969787	2	1323.42132867133	374.57867132867	0.000454821039085168	0	0.000279350091832836	0.00533933230342718	0.149923210831897	0.299846421663793	*
temp_vcf4_17VR014826.vcf	HA_antigenic	0	0	0	0	319.333333333333	82.6666666666667	0	0	0	0	*	*	*
temp_vcf4_17VR014826.vcf	HA_nonantigenic	0.601919863853768	0	0.36969786969787	2	1006.08799533799	292.912004662005	0.000598277552900882	0	0.000367460770241743	0.0068279891850381	0.149923210831897	0.299846421663793	*
temp_vcf4_17VR014827.vcf	HA	0.217802993529967	0.483566507962157	0.116538115557421	1.26513653895671	1323.42706982772	374.572930172275	0.000164574987542244	0.00129098092523598	8.80578297167454e-05	0.00337754396286683	0.100082388283256	0.0725369496705937	0.160988622990337
temp_vcf4_17VR014827.vcf	HA_antigenic	0	0	0	0	319.333333333333	82.6666666666667	0	0	0	0	*	*	*
temp_vcf4_17VR014827.vcf	HA_nonantigenic	0.217802993529967	0.483566507962157	0.116538115557421	1.26513653895671	1006.09373649439	292.90626350561	0.000216483798307775	0.00165092580190896	0.000115832264261463	0.00431925396137005	0.100082388283256	0.0725369496705937	0.160988622990337
temp_vcf4_17VR014828.vcf	HA	0.297873461943485	0	0.168462697235719	1	1323.48694410445	374.513055895552	0.000225067170681494	0	0.000127287011017484	0.00267013388253917	0.0744299421509066	0.0992399228678754	*
temp_vcf4_17VR014828.vcf	HA_antigenic	0.0595189179112299	0	0.030239144341507	0	319.320277437781	82.6797225622195	0.000186392541021223	0	9.46984782305253e-05	0	0.0297420819823005	0.0297420819823005	*
temp_vcf4_17VR014828.vcf	HA_nonantigenic	0.238354544032255	0	0.138223552894212	1	1006.16666666666	292.833333333334	0.000236893699551687	0	0.000137376398437183	0.00341491178144564	0.119117802319513	0.238235604639025	*
temp_vcf4_17VR014893.vcf	HA	0.0261279784279686	0.0343519396173425	0.0132333480370534	1.01747630331754	1323.5	374.499999999999	1.97415779584198e-05	9.17274756137318e-05	9.99875182248082e-06	0.00271689266573442	0.0201527391177817	0.0261164530735671	0.0343417642797781
temp_vcf4_17VR014893.vcf	HA_antigenic	0	0	0	0	319.333333333333	82.6666666666667	0	0	0	0	*	*	*
temp_vcf4_17VR014893.vcf	HA_nonantigenic	0.0261279784279686	0.0343519396173425	0.0132333480370534	1.01747630331754	1006.16666666666	292.833333333334	2.59678433937075e-05	0.000117308843314772	1.31522425413816e-05	0.00347459181554081	0.0201527391177817	0.0261164530735671	0.0343417642797781
temp_vcf4_17VR014896.vcf	HA	0	0	0	1	1323.5	374.499999999999	0	0	0	0.0026702269692924	0	*	*
temp_vcf4_17VR014896.vcf	HA_antigenic	0	0	0	0	319.333333333333	82.6666666666667	0	0	0	0	*	*	*
temp_vcf4_17VR014896.vcf	HA_nonantigenic	0	0	0	1	1006.16666666666	292.833333333334	0	0	0	0.00341491178144564	0	*	*
temp_vcf4_17VR014897.vcf	HA	0.281743854093244	0	0.124412780826203	1	1323.44646464647	374.473232323231	0.000212886476045335	0	9.40066592413601e-05	0.00267041783947013	0.0563194016827679	0.0703992521034599	*
temp_vcf4_17VR014897.vcf	HA_antigenic	0	0	0	0	319.333333333333	82.6666666666667	0	0	0	0	*	*	*
temp_vcf4_17VR014897.vcf	HA_nonantigenic	0.281743854093244	0	0.124412780826203	1	1006.11313131313	292.806565656566	0.000280031981816524	0	0.000123656850262779	0.00341522396452306	0.0563194016827679	0.0703992521034599	*
temp_vcf4_17VR014904.vcf	HA	0	0	0	1	1323.5	374.499999999999	0	0	0	0.0026702269692924	0	*	*
temp_vcf4_17VR014904.vcf	HA_antigenic	0	0	0	0	319.333333333333	82.6666666666667	0	0	0	0	*	*	*
temp_vcf4_17VR014904.vcf	HA_nonantigenic	0	0	0	1	1006.16666666666	292.833333333334	0	0	0	0.00341491178144564	0	*	*
temp_vcf4_17VR015004.vcf	HA	0.207267701447379	0	2.11155994239348	7	1324.10835762877	373.891642371233	0.000156533791402508	0	0.00159470328106296	0.0187220017960438	0.0187871696036729	0.103329432820201	*
temp_vcf4_17VR015004.vcf	HA_antigenic	0.207267701447379	0	2.11155994239348	0	319.275024295433	82.7249757045675	0.000649182321432037	0	0.00661360827409915	0	0.0516647164101005	0.103329432820201	*
temp_vcf4_17VR015004.vcf	HA_nonantigenic	0	0	0	7	1006.83333333333	292.166666666667	0	0	0	0.0239589275527666	0	*	*
temp_vcf4_17VR015006.vcf	HA	0.139585206962826	0.244564629232395	2.07547169811321	8.13105635195482	1324.16666666667	373.833333333332	0.000105413623886338	0.00065420765733142	0.00156737950770034	0.0217504851144579	0.0295425455445632	0.139551441794233	0.122250825142545
temp_vcf4_17VR015006.vcf	HA_antigenic	0.139585206962826	0.140419113960692	2.07547169811321	0.0759599332220367	319.333333333333	82.6666666666667	0.000437114426814694	0.00169861831404063	0.00649938945129397	0.000918870159943993	0.0699828713320284	0.139551441794233	0.140380043533881
temp_vcf4_17VR015006.vcf	HA_nonantigenic	0	0.104145515271703	0	8.05509641873278	1006.83333333333	292.166666666667	0	0.00035645926504861	0	0.0275702102181384	0.0115690674168009	*	0.104121606751209
temp_vcf4_17VR015078.vcf	HA	0	0	0	2	1323.5	374.499999999999	0	0	0	0.0053404539385848	0	*	*
temp_vcf4_17VR015078.vcf	HA_antigenic	0	0	0	0	319.333333333333	82.6666666666667	0	0	0	0	*	*	*
temp_vcf4_17VR015078.vcf	HA_nonantigenic	0	0	0	2	1006.16666666666	292.833333333334	0	0	0	0.00682982356289128	0	*	*
temp_vcf4_17VR015079.vcf	HA	0.0269314303443996	0.026821232792443	0.0136363636363636	1.01357466063348	1323.50909090909	374.490909090908	2.03485042372478e-05	7.16205177251236e-05	1.03031884933991e-05	0.00270654009490905	0.0178938682968736	0.0269008264462811	0.0267807784443397
temp_vcf4_17VR015079.vcf	HA_antigenic	0	0	0	0	319.333333333333	82.6666666666667	0	0	0	0	*	*	*
temp_vcf4_17VR015079.vcf	HA_nonantigenic	0.0269314303443996	0.026821232792443	0.0136363636363636	1.01357466063348	1006.17575757575	292.824242424243	2.67661292191011e-05	9.15949873903695e-05	1.35526656587499e-05	0.00346137550717205	0.0178938682968736	0.0269008264462811	0.0267807784443397
temp_vcf4_17VR015086.vcf	HA	0	0	0	1	1323.5	374.499999999999	0	0	0	0.0026702269692924	0	*	*
temp_vcf4_17VR015086.vcf	HA_antigenic	0	0	0	0	319.333333333333	82.6666666666667	0	0	0	0	*	*	*
temp_vcf4_17VR015086.vcf	HA_nonantigenic	0	0	0	1	1006.16666666666	292.833333333334	0	0	0	0.00341491178144564	0	*	*
temp_vcf4_17VR015088.vcf	HA	0.0278400472702878	0	0.0141143260409315	1	1323.5094095507	374.490590449305	2.10350202797115e-05	0	1.06643186206912e-05	0.0026702940621291	0.0139151118413419	0.0278302236826837	*
temp_vcf4_17VR015088.vcf	HA_antigenic	0	0	0	0	319.333333333333	82.6666666666667	0	0	0	0	*	*	*
temp_vcf4_17VR015088.vcf	HA_nonantigenic	0.0278400472702878	0	0.0141143260409315	1	1006.17607621736	292.82392378264	2.76691604266227e-05	0	1.40276899585938e-05	0.00341502151559956	0.0139151118413419	0.0278302236826837	*
temp_vcf4_17VR015092.vcf	HA	0.0215438575193517	0.138947159477956	0.0108834827144686	1.07507507507508	1323.50181391379	374.498186086213	1.62779206593177e-05	0.000371022249613697	8.22324729747411e-06	0.00287070836393205	0.0534692271306796	0.021530065036945	0.138877616355094
temp_vcf4_17VR015092.vcf	HA_antigenic	0	0.138947159477956	0	0.0750750750750751	319.333333333333	82.6666666666667	0	0.00168081241303979	0	0.000908166230746876	0.138877616355094	*	0.138877616355094
temp_vcf4_17VR015092.vcf	HA_nonantigenic	0.0215438575193517	0	0.0108834827144686	1	1006.16848058045	292.831519419548	2.14117793740898e-05	0	1.08167597420564e-05	0.00341493293475444	0.0107650325184725	0.021530065036945	*
temp_vcf4_18VR001031.vcf	HA	0	0.0362229912068772	0	3.01844903064415	1323.49692516156	374.50307483844	0	9.67228138847827e-05	0	0.00805987783130034	0.00905433195622185	*	0.0362173278248874
temp_vcf4_18VR001031.vcf	HA_antigenic	0	0	0	1	319.333333333333	82.6666666666667	0	0	0	0.0120967741935484	0	*	*
temp_vcf4_18VR001031.vcf	HA_nonantigenic	0	0.0362229912068772	0	2.01844903064415	1006.16359182822	292.836408171775	0	0.000123697020575492	0	0.00689275299900603	0.0120724426082958	*	0.0362173278248874
temp_vcf4_18VR001129.vcf	HA	0.269181485415434	0.176552949466087	1.14124093120622	3.09041259871401	1323.52144811269	374.478551887309	0.00020338279050882	0.00047146344851071	0.0008622761140997	0.00825257570330492	0.0370978151856019	0.0896168514916174	0.035264645550474
temp_vcf4_18VR001129.vcf	HA_antigenic	0.101256224618503	0.0235541177138317	1.05343511450382	1.01190476190476	319.333333333333	82.6666666666667	0.000317086298387796	0.00028492884331248	0.0032988573523084	0.0122407834101382	0.0311714207952668	0.101159606083562	0.0235260770975056
temp_vcf4_18VR001129.vcf	HA_nonantigenic	0.167925260796931	0.152998831752256	0.0878058167024025	2.07850783680925	1006.18811477935	292.811885220644	0.000166892510784383	0.000522515783937411	8.72658058793086e-05	0.00709844081377717	0.0400610123807694	0.0838454741956454	0.0381992876637161
temp_vcf4_18VR001154.vcf	HA	0.131015495224419	0.299563973638419	0.0689820668680241	1.17758952532841	1323.46498859488	374.535011405118	9.89943038565138e-05	0.000799829026703178	5.21223209246072e-05	0.00314413736892188	0.0861040443152007	0.0654969506453651	0.149763160142637
temp_vcf4_18VR001154.vcf	HA_antigenic	0.10930013361368	0.277508923848361	0.0580054274084125	0.16643929058663	319.294663048394	82.7053369516056	0.00034231744611752	0.00335539318352264	0.000181667387906264	0.00201243712584136	0.193378050935229	0.10928159559916	0.277474506271299
temp_vcf4_18VR001154.vcf	HA_nonantigenic	0.021715361610739	0.0220550497900585	0.0109766394596116	1.01115023474178	1006.17032554648	292.829674453514	2.15821924572708e-05	7.53169904355431e-05	1.09093253705826e-05	0.00345303199420898	0.0145880399018482	0.0217123056915705	0.0220518140139743
temp_vcf4_18VR001337.vcf	HA	0.123233881657269	0.195455211874314	0.0642647785737658	1.10063598140642	1323.45715681429	374.542843185715	9.31151273184449e-05	0.000521850077849169	4.8558261401116e-05	0.00293861170071984	0.0455157363582553	0.0616017090439182	0.0488516841049876
temp_vcf4_18VR001337.vcf	HA_antigenic	0	0	0	0	319.333333333333	82.6666666666667	0	0	0	0	*	*	*
temp_vcf4_18VR001337.vcf	HA_nonantigenic	0.123233881657269	0.195455211874314	0.0642647785737658	1.10063598140642	1006.12382348095	292.87617651905	0.000122483812410792	0.000667364666520089	6.38736277523228e-05	0.00375802495951674	0.0455157363582553	0.0616017090439182	0.0488516841049876
temp_vcf4_18VR001443.vcf	HA	0	0.999009741387566	0	2.9658378108531	1323.5	374.499999999999	0	0.0026675827540389	0	0.00791946010908706	0.24970747903484	*	0.499414958069681
temp_vcf4_18VR001443.vcf	HA_antigenic	0	0	0	0	319.333333333333	82.6666666666667	0	0	0	0	*	*	*
temp_vcf4_18VR001443.vcf	HA_nonantigenic	0	0.999009741387566	0	2.9658378108531	1006.16666666666	292.833333333334	0	0.00341153013564336	0	0.0101280744821392	0.24970747903484	*	0.499414958069681
temp_vcf4_18VR001447.vcf	HA	0.337518906200009	0	0.17152433209659	2	1323.51661465514	374.483385344858	0.000255016750422852	0	0.00012959741509651	0.00534069087780282	0.0259556881695773	0.0306749042004095	*
temp_vcf4_18VR001447.vcf	HA_antigenic	0.0797580820025937	0	0.0404187736127469	0	319.323151946548	82.6768480534525	0.000249772312205989	0	0.000126576395624182	0	0.026580246208681	0.026580246208681	*
temp_vcf4_18VR001447.vcf	HA_nonantigenic	0.257760824197415	0	0.131105558483843	2	1006.19346270859	292.806537291407	0.000256174218726828	0	0.000130298559216354	0.00683044859073471	0.0257683207578462	0.0322104009473077	*
temp_vcf4_18VR001520.vcf	HA	0.325972945939184	0.253884401498522	0.171618817353535	4.13459047571841	1323.99604553916	374.003954460838	0.000246203866724119	0.000678828120586373	0.000129621850406394	0.0110549378593571	0.0526935106462506	0.0814651559813695	0.084589331061093
temp_vcf4_18VR001520.vcf	HA_antigenic	0.117457740080202	0	0.062636165577342	0	319.291575889615	82.7084241103849	0.000367869837320135	0	0.000196172308658079	0	0.11742575267822	0.11742575267822	*
temp_vcf4_18VR001520.vcf	HA_nonantigenic	0.208515205858982	0.253884401498522	0.108982651776193	4.13459047571841	1006.70446964954	292.295530350455	0.000207126532309498	0.000868588038941688	0.000108256847030919	0.0141452401641624	0.0462202864430537	0.0694782904157528	0.084589331061093
temp_vcf4_18VR001527.vcf	HA	0	0	1	3	1323.5	374.499999999999	0	0	0.000755572346052134	0.00801068090787719	0	*	*
temp_vcf4_18VR001527.vcf	HA_antigenic	0	0	1	1	319.333333333333	82.6666666666667	0	0	0.00313152400835073	0.0120967741935484	0	*	*
temp_vcf4_18VR001527.vcf	HA_nonantigenic	0	0	0	2	1006.16666666666	292.833333333334	0	0	0	0.00682982356289128	0	*	*
temp_vcf4_18VR001531.vcf	HA	0.469266981615661	1.40594951048157	1.37578947368421	2.29834086426114	1323.24947368421	374.750526315788	0.000354632282837128	0.00375169455878718	0.00103970528690536	0.00613298902300784	0.31246613657684	0.469143490304709	0.468551109718777
temp_vcf4_18VR001531.vcf	HA_antigenic	0	0	1	1	319.333333333333	82.6666666666667	0	0	0.00313152400835073	0.0120967741935484	0	*	*
temp_vcf4_18VR001531.vcf	HA_nonantigenic	0.469266981615661	1.40594951048157	0.375789473684211	1.29834086426114	1005.91614035087	293.083859649123	0.000466507060371827	0.00479708951617042	0.000373579325959648	0.00442992959699487	0.46869920486526	0.469143490304709	0.468551109718777
temp_vcf4_18VR001685.vcf	HA	0	0.0377730167203901	5	4.0192506015813	1324.33333333333	373.666666666666	0	0.000101087466691499	0.00377548452051346	0.0107562460345619	0.0037760031840115	*	0.037760031840115
temp_vcf4_18VR001685.vcf	HA_antigenic	0	0	2	0	319.5	82.5	0	0	0.00625978090766823	0	0	*	*
temp_vcf4_18VR001685.vcf	HA_nonantigenic	0	0.0377730167203901	3	4.0192506015813	1006.83333333333	292.166666666667	0	0.00012928585300761	0.00297963913259395	0.0137567048542429	0.00472000398001438	*	0.037760031840115
temp_vcf4_18VR001710.vcf	HA	0.0918083433275881	0.149160540537144	1.0307486631016	6.07613213140059	1324.15425502877	373.796689102045	6.93335712051111e-05	0.000399041898673488	0.000778420383567176	0.0162551791081858	0.0185308311406351	0.0458877527359144	0.0372813248391068
temp_vcf4_18VR001710.vcf	HA_antigenic	0	0	1	0	319.333333333333	82.6666666666667	0	0	0.00313152400835073	0	0	*	*
temp_vcf4_18VR001710.vcf	HA_nonantigenic	0.0918083433275881	0.149160540537144	0.0307486631016043	6.07613213140059	1006.82092169543	292.13002243538	9.11863682500635e-05	0.000510596409412655	3.05403497672905e-05	0.0207994100734533	0.0200750670690213	0.0458877527359144	0.0372813248391068
temp_vcf4_18VR001885.vcf	HA	0	0	0	1	1323.5	374.499999999999	0	0	0	0.0026702269692924	0	*	*
temp_vcf4_18VR001885.vcf	HA_antigenic	0	0	0	0	319.333333333333	82.6666666666667	0	0	0	0	*	*	*
temp_vcf4_18VR001885.vcf	HA_nonantigenic	0	0	0	1	1006.16666666666	292.833333333334	0	0	0	0.00341491178144564	0	*	*
temp_vcf4_18VR001887.vcf	HA	0	0.0366156285515533	1	1.0186509964231	1323.4968915006	374.503108499403	0	9.77712273157584e-05	0.00075557412066619	0.00272000678580408	0.0122020911703481	*	0.0366062735110444
temp_vcf4_18VR001887.vcf	HA_antigenic	0	0	0	0	319.333333333333	82.6666666666667	0	0	0	0	*	*	*
temp_vcf4_18VR001887.vcf	HA_nonantigenic	0	0.0366156285515533	1	1.0186509964231	1006.16355816726	292.836441832738	0	0.000125037814017927	0.000993874198566198	0.00347856636301069	0.0122020911703481	*	0.0366062735110444
temp_vcf4_18VR001888.vcf	HA	0.279583179659556	0	1.148615116187	7	1324.17153596758	373.828464032425	0.00021113818872059	0	0.000867421693479994	0.0187251658808754	0.0215016691385438	0.0559043397602139	*
temp_vcf4_18VR001888.vcf	HA_antigenic	0.0236653035794637	0	1.01197357555739	1	319.325350949629	82.6746490503716	7.41103188615825e-05	0	0.00316909876571943	0.012095606228588	0.00788680603050803	0.0236604180915241	*
temp_vcf4_18VR001888.vcf	HA_nonantigenic	0.255917876080092	0	0.136641540629608	6	1006.84618501794	292.153814982054	0.000254177728324542	0	0.000135712428236666	0.0205371269937671	0.0255861280709545	0.0639653201773863	*
temp_vcf4_18VR001890.vcf	HA	0.0565989791116208	0.0384471817842479	1.02871928226517	6.01959686450168	1324.19712763194	373.802872368057	4.27421098645913e-05	0.000102854163588106	0.000776862644389527	0.0161036666903261	0.00950121210258914	0.0282932331095631	0.0384256548067652
temp_vcf4_18VR001890.vcf	HA_antigenic	0.0232232038393823	0	1.01174711661683	1	319.341164744411	82.6588352555888	7.27222369153983e-05	0	0.00316823268752901	0.0120979202877455	0.00773941457868066	0.023218243736042	*
temp_vcf4_18VR001890.vcf	HA_nonantigenic	0.0333757752722385	0.0384471817842479	0.0169721656483367	5.01959686450168	1006.85596288753	292.144037112469	3.31485103157369e-05	0.000131603513678585	1.68565974418653e-05	0.0171819247591531	0.0102562681842642	0.0333682224830842	0.0384256548067652
temp_vcf4_18VR001891.vcf	HA	0.262080067526302	0.0218644950009759	1.12105694508725	6.01105207226355	1324.11975599381	373.845482189012	0.000197927767741521	5.84853797696063e-05	0.000846643168046269	0.0160789747600171	0.0149407028381148	0.0238194096363382	0.0218598479244614
temp_vcf4_18VR001891.vcf	HA_antigenic	0.0865975661055226	0.0218644950009759	1.04377083877567	1.01105207226355	319.327437586268	82.6725624137317	0.00027118736416794	0.000264470996937967	0.00326865378893001	0.0122295964071342	0.0154911899485871	0.0216446204289121	0.0218598479244614
temp_vcf4_18VR001891.vcf	HA_nonantigenic	0.175482501420779	0	0.0772861063115853	5	1006.79231840754	292.172919775282	0.000174298609765262	0	7.67646960535319e-05	0.0171131534156062	0.014619585357006	0.0250621463262959	*
temp_vcf4_18VR001894.vcf	HA	0.0208867244323572	0	0.0105521472392638	1	1323.50703476483	374.492965235173	1.57813474985183e-05	0	7.97286826748058e-06	0.0026702771288962	0.0104407994279047	0.0208815988558093	*
temp_vcf4_18VR001894.vcf	HA_antigenic	0	0	0	0	319.333333333333	82.6666666666667	0	0	0	0	*	*	*
temp_vcf4_18VR001894.vcf	HA_nonantigenic	0.0208867244323572	0	0.0105521472392638	1	1006.17370143149	292.826298568508	2.0758567236096e-05	0	1.0487401155736e-05	0.00341499382018807	0.0104407994279047	0.0208815988558093	*
temp_vcf4_18VR001966.vcf	HA	0	0	1	7	1324.16666666667	373.833333333332	0	0	0.000755191944619257	0.0187249219794918	0	*	*
temp_vcf4_18VR001966.vcf	HA_antigenic	0	0	1	1	319.333333333333	82.6666666666667	0	0	0.00313152400835073	0.0120967741935484	0	*	*
temp_vcf4_18VR001966.vcf	HA_nonantigenic	0	0	0	6	1006.83333333333	292.166666666667	0	0	0	0.0205362236166571	0	*	*
temp_vcf4_18VR002043.vcf	HA	0.561330433447979	0.0395128902707605	5.27148319337402	3.97991967871486	1324.30644716019	373.693552839806	0.000423867477691194	0.000105736076982037	0.00398056145137558	0.0106502230195579	0.0427240750673439	0.0931304744963937	0.0393542039644523
temp_vcf4_18VR002043.vcf	HA_antigenic	0.186013379181228	0	2.07439162778969	0	319.433089564158	82.5669104358425	0.000582323451321306	0	0.00649397853747724	0	0.0617079762622691	0.0925619643934037	*
temp_vcf4_18VR002043.vcf	HA_nonantigenic	0.37531705426675	0.0395128902707605	3.19709156558434	3.97991967871486	1006.87335759603	292.126642403965	0.000372754976020858	0.000135259454411969	0.003175266821259	0.0136239531114429	0.0375466474687279	0.0934147295478887	0.0393542039644523
temp_vcf4_18VR002046.vcf	HA	0	0.0381402835659633	0	2.01944444444444	1323.83333333333	374.166666666666	0	0.00010193394271527	0	0.00539717891610989	0.0127109053497942	*	0.0381327160493827
temp_vcf4_18VR002046.vcf	HA_antigenic	0	0	0	0	319.333333333333	82.6666666666667	0	0	0	0	*	*	*
temp_vcf4_18VR002046.vcf	HA_nonantigenic	0	0.0381402835659633	0	2.01944444444444	1006.5	292.500000000001	0	0.000130394131849447	0	0.00690408357075022	0.0127109053497942	*	0.0381327160493827
temp_vcf4_18VR002052.vcf	HA	0.783773021014313	0.158873446889558	0.479925283208004	1.08505467263857	1323.64886786038	374.35113213962	0.000592130617148676	0.000424396865000808	0.000362577489288214	0.00289849443338635	0.0942192253760794	0.111912555032893	0.0794021842652711
temp_vcf4_18VR002052.vcf	HA_antigenic	0.0790816720787305	0.137834724523576	0.0412254160363086	0.0744282744282744	319.333333333333	82.6666666666667	0.000247646154735064	0.00166735553859165	0.000129098380071948	0.000900342029374288	0.108414587502846	0.0790517622178837	0.137777412787808
temp_vcf4_18VR002052.vcf	HA_nonantigenic	0.704691348935582	0.0210387223659815	0.438699867171695	1.01062639821029	1006.31553452704	292.684465472955	0.00070026877729437	7.18819235314884e-05	0.000435946631170589	0.00345295537491954	0.0906703848443878	0.117389353835395	0.0210269557427345
temp_vcf4_18VR002057.vcf	HA	0	0	1	1	1323.5	374.499999999999	0	0	0.000755572346052134	0.0026702269692924	0	*	*
temp_vcf4_18VR002057.vcf	HA_antigenic	0	0	0	0	319.333333333333	82.6666666666667	0	0	0	0	*	*	*
temp_vcf4_18VR002057.vcf	HA_nonantigenic	0	0	1	1	1006.16666666666	292.833333333334	0	0	0.000993871128043733	0.00341491178144564	0	*	*
temp_vcf4_18VR002075.vcf	HA	0.0231317517511352	0.220747303917606	5.01169590643275	4.12628336755647	1324.33918128655	373.660818713449	1.74666370050786e-05	0.000590769202609094	0.00378429935265077	0.0110428580169675	0.0221627256073693	0.0231182244109298	0.220671757270132
temp_vcf4_18VR002075.vcf	HA_antigenic	0	0.220747303917606	2	0.126283367556468	319.5	82.5	0	0.00267572489597098	0.00625978090766823	0.00153070748553295	0.0735572524233774	*	0.220671757270132
temp_vcf4_18VR002075.vcf	HA_nonantigenic	0.0231317517511352	0	3.01169590643275	4	1006.83918128655	292.160818713451	2.29746241317082e-05	0	0.00299123828552677	0.013691089782724	0.00288977805136623	0.0231182244109298	*
temp_vcf4_18VR002079.vcf	HA	0.128800282449964	0.0321312534388255	5.06524845952277	4.01632462686567	1324.31406222355	373.685937776449	9.72581097822864e-05	8.59846469739181e-05	0.00382480908721765	0.0107478612943374	0.010724080684076	0.0257489886828806	0.0321162668467363
temp_vcf4_18VR002079.vcf	HA_antigenic	0.0278037166085947	0	2.01409523809524	0	319.495301587302	82.5046984126984	8.70238669253085e-05	0	0.00630399016226187	0	0.00926437490551776	0.0277931247165533	*
temp_vcf4_18VR002079.vcf	HA_nonantigenic	0.100996565841369	0.0321312534388255	3.05115322142753	4.01632462686567	1006.81876063625	292.181239363752	0.000100312558516039	0.000109970282516406	0.0030304890420391	0.0137460044854746	0.0110890071287155	0.0252379546744624	0.0321162668467363
temp_vcf4_18VR002160.vcf	HA	0.23462372234539	0.131978826755014	1.13562753036437	5.92900721020521	1324.25708502024	373.742914979756	0.000177173847132412	0.000353127300786859	0.00085755820619001	0.0158638651665848	0.0457963792408934	0.234465406743267	0.131905627183879
temp_vcf4_18VR002160.vcf	HA_antigenic	0	0	1	0	319.333333333333	82.6666666666667	0	0	0.00313152400835073	0	0	*	*
temp_vcf4_18VR002160.vcf	HA_nonantigenic	0.23462372234539	0.131978826755014	0.135627530364372	5.92900721020521	1006.92375168691	292.076248313091	0.000233010416083962	0.000451864290633928	0.000134694936073516	0.0202995185142532	0.0523387191324496	0.234465406743267	0.131905627183879
temp_vcf4_18VR002212.vcf	HA	0	0	1	7	1324.16666666667	373.833333333332	0	0	0.000755191944619257	0.0187249219794918	0	*	*
temp_vcf4_18VR002212.vcf	HA_antigenic	0	0	1	0	319.333333333333	82.6666666666667	0	0	0.00313152400835073	0	0	*	*
temp_vcf4_18VR002212.vcf	HA_nonantigenic	0	0	0	7	1006.83333333333	292.166666666667	0	0	0	0.0239589275527666	0	*	*
temp_vcf4_18VR002213.vcf	HA	0.0418330901956839	0	0.0213592233009709	5	1324.15954692557	373.840453074433	3.15921825982465e-05	0	1.61304001096867e-05	0.0133746895470525	0.00696766896031672	0.0418060137619003	*
temp_vcf4_18VR002213.vcf	HA_antigenic	0	0	0	0	319.333333333333	82.6666666666667	0	0	0	0	*	*	*
temp_vcf4_18VR002213.vcf	HA_nonantigenic	0.0418330901956839	0	0.0213592233009709	5	1006.82621359223	292.173786407767	4.15494646751684e-05	0	2.12144092124537e-05	0.0171131026553554	0.00696766896031672	0.0418060137619003	*
temp_vcf4_18VR002214.vcf	HA	0	0	0	5	1324.16666666667	373.833333333332	0	0	0	0.0133749442710656	0	*	*
temp_vcf4_18VR002214.vcf	HA_antigenic	0	0	0	0	319.333333333333	82.6666666666667	0	0	0	0	*	*	*
temp_vcf4_18VR002214.vcf	HA_nonantigenic	0	0	0	5	1006.83333333333	292.166666666667	0	0	0	0.0171135196805476	0	*	*
temp_vcf4_18VR002369.vcf	HA	0	0.0495655889474434	0	0.974789915966387	1323.5	374.499999999999	0	0.000132351372356325	0	0.00260291032300772	0.0491490713932632	*	0.0491490713932632
temp_vcf4_18VR002369.vcf	HA_antigenic	0	0	0	0	319.333333333333	82.6666666666667	0	0	0	0	*	*	*
temp_vcf4_18VR002369.vcf	HA_nonantigenic	0	0.0495655889474434	0	0.974789915966387	1006.16666666666	292.833333333334	0	0.000169262113650916	0	0.00332882156846802	0.0491490713932632	*	0.0491490713932632
temp_vcf4_18VR002372.vcf	HA	0.421852027142082	0.0527617816727098	1.25445425479225	7.02710472279261	1324.31869115268	373.68130884732	0.000318542681576822	0.00014119459663493	0.000947244997124054	0.0188050741538795	0.0364923766999893	0.105415195877493	0.0527401135898873
temp_vcf4_18VR002372.vcf	HA_antigenic	0.031052535794851	0	1.01576962632842	0	319.343846417552	82.6561535824477	9.72385600762407e-05	0	0.00318080225350661	0	0.0155209452138816	0.0310418904277632	*
temp_vcf4_18VR002372.vcf	HA_nonantigenic	0.390799491347231	0.0527617816727098	0.238684628463833	7.02710472279261	1006.97484473512	292.025155264873	0.000388092605679765	0.000180675468265238	0.000237031371450611	0.0240633541189932	0.040305364242918	0.13020629769407	0.0527401135898873
temp_vcf4_18VR002389.vcf	HA	0	0.0236010333837569	1	7.01194086429113	1324.16666666667	373.833333333332	0	6.31325012494613e-05	0.000755191944619257	0.0187568636583802	0.00262184001135786	*	0.0235965601022208
temp_vcf4_18VR002389.vcf	HA_antigenic	0	0.0236010333837569	1	0.0119408642911296	319.333333333333	82.6666666666667	0	0.000285496371577704	0.00313152400835073	0.000144445939005601	0.0117982800511104	*	0.0235965601022208
temp_vcf4_18VR002389.vcf	HA_nonantigenic	0	0	0	7	1006.83333333333	292.166666666667	0	0	0	0.0239589275527666	0	*	*
temp_vcf4_18VR002588.vcf	HA	0.389400369662841	0	1.20439273365599	7	1324.21187739482	373.788122605185	0.000294061982308244	0	0.000909516637190602	0.0187271868116413	0.0259445402231142	0.0555954433352446	*
temp_vcf4_18VR002588.vcf	HA_antigenic	0.0545310815711403	0	1.02804107424961	0	319.333333333333	82.6666666666667	0.000170765391141358	0	0.00321933530558331	0	0.0272547724045331	0.0545095448090662	*
temp_vcf4_18VR002588.vcf	HA_nonantigenic	0.334869288091701	0	0.176351659406381	7	1006.87854406148	292.12145593852	0.000332581610827586	0	0.000175146903711967	0.0239626356013823	0.0257429660413574	0.055776426422941	*
temp_vcf4_18VR002645.vcf	HA	0	0	2	7	1324.16666666667	373.833333333332	0	0	0.00151038388923851	0.0187249219794918	0	*	*
temp_vcf4_18VR002645.vcf	HA_antigenic	0	0	2	0	319.333333333333	82.6666666666667	0	0	0.00626304801670146	0	0	*	*
temp_vcf4_18VR002645.vcf	HA_nonantigenic	0	0	0	7	1006.83333333333	292.166666666667	0	0	0	0.0239589275527666	0	*	*
temp_vcf4_18VR002648.vcf	HA	0	0.0234521560272284	1	5.01186342592593	1324.16666666667	373.833333333332	0	6.27342559801029e-05	0.000755191944619257	0.0134066788031902	0.00334933858606457	*	0.023445370102452
temp_vcf4_18VR002648.vcf	HA_antigenic	0	0	1	0	319.333333333333	82.6666666666667	0	0	0.00313152400835073	0	0	*	*
temp_vcf4_18VR002648.vcf	HA_nonantigenic	0	0.0234521560272284	0	5.01186342592593	1006.83333333333	292.166666666667	0	8.02697867446492e-05	0	0.01715412467516	0.00390756168374199	*	0.023445370102452
temp_vcf4_18VR002835.vcf	HA	0.159996952303024	0	1.08552653692313	1	1323.82964718273	374.170352817271	0.000120859169941931	0	0.000819989595514243	0.00267257946138869	0.0399293759335669	0.0798587518671339	*
temp_vcf4_18VR002835.vcf	HA_antigenic	0.0219069330293759	0	0.0110584518167457	0	319.329647182728	82.6703528172722	6.86028786323126e-05	0	3.46302071051291e-05	0	0.0218723249203248	0.0218723249203248	*
temp_vcf4_18VR002835.vcf	HA_nonantigenic	0.138090019273648	0	1.07446808510638	1	1006.5	292.500000000001	0.00013719823077362	0	0.0010675291456596	0.00341880341880341	0.045948392937981	0.137845178813943	*
temp_vcf4_18VR002895.vcf	HA	0.470491549679377	0.039888028487377	1.24651830388641	1.02035002035002	1323.88414168492	374.115858315079	0.000355387253963612	0.000106619453842514	0.000941561474027445	0.00272736372348773	0.0566847719541534	0.0783818589239721	0.0398717940435482
temp_vcf4_18VR002895.vcf	HA_antigenic	0.203164657444972	0	0.105367241004567	0	319.368495426417	82.6315045735834	0.000636144955919054	0	0.000329923716689343	0	0.0676984568026793	0.0676984568026793	*
temp_vcf4_18VR002895.vcf	HA_nonantigenic	0.267326892234405	0.039888028487377	1.14115106288185	1.02035002035002	1006.5156462585	292.484353741497	0.000265596360303124	0.000136376623149663	0.00113376385863829	0.00348856274634035	0.0511779295298904	0.0890652610452648	0.0398717940435482
temp_vcf4_18VR003034.vcf	HA	0	0	0	5	1324	373.999999999999	0	0	0	0.0133689839572193	0	*	*
temp_vcf4_18VR003034.vcf	HA_antigenic	0	0	0	0	319.333333333333	82.6666666666667	0	0	0	0	*	*	*
temp_vcf4_18VR003034.vcf	HA_nonantigenic	0	0	0	5	1006.66666666666	292.333333333334	0	0	0	0.0171037628278221	0	*	*
temp_vcf4_18VR003056.vcf	HA	0.536146536259278	0	0.291265238338677	7	1324.00611675853	373.993883241475	0.000404942642993137	0	0.000219987834385359	0.0187168836541648	0.0446694505862086	0.107206681406901	*
temp_vcf4_18VR003056.vcf	HA_antigenic	0	0	0	0	319.333333333333	82.6666666666667	0	0	0	0	*	*	*
temp_vcf4_18VR003056.vcf	HA_nonantigenic	0.536146536259278	0	0.291265238338677	7	1006.67278342519	292.32721657481	0.000532592660780048	0	0.000289334571406264	0.0239457689982439	0.0446694505862086	0.107206681406901	*
temp_vcf4_18VR003058.vcf	HA	0.123639915597801	0.0433491462374903	1.06374246194283	1.02216066481994	1323.81556237942	374.18443762058	9.33966325154628e-05	0.000115849677001923	0.000803542798689319	0.00273170277021624	0.0278250507416533	0.0412037216468515	0.0433391395093654
temp_vcf4_18VR003058.vcf	HA_antigenic	0	0	0	0	319.333333333333	82.6666666666667	0	0	0	0	*	*	*
temp_vcf4_18VR003058.vcf	HA_nonantigenic	0.123639915597801	0.0433491462374903	1.06374246194283	1.02216066481994	1006.48222904608	292.517770953915	0.000122843615147566	0.000148193205821741	0.00105689144949039	0.00349435407458025	0.0278250507416533	0.0412037216468515	0.0433391395093654
temp_vcf4_18VR003060.vcf	HA	0.336067570418997	0	16.2136196665725	35	1319.19092022229	378.809079777714	0.000254752792235994	0	0.0122905785796649	0.0923948286047898	0.00646101171638236	0.335972609251883	*
temp_vcf4_18VR003060.vcf	HA_antigenic	0	0	13	8	316	86	0	0	0.0411392405063291	0.0930232558139535	0	*	*
temp_vcf4_18VR003060.vcf	HA_nonantigenic	0.336067570418997	0	3.21361966657248	27	1005.19092022228	293.809079777715	0.000334332079267769	0	0.00319702416916165	0.0918964111675077	0.0108378261048994	0.335972609251883	*
temp_vcf4_18VR003296.vcf	HA	0.143929867875852	0	1.06089623692374	5	1324.14780018866	373.81572338454	0.000108696225493367	0	0.000801191707430684	0.0133755743464449	0.0130793145282553	0.0287744919621616	*
temp_vcf4_18VR003296.vcf	HA_antigenic	0.0815160518070413	0	1.04133633472325	0	319.337110394715	82.6628896052852	0.000255266454018713	0	0.00326093116279568	0	0.0203739725903372	0.0271652967871162	*
temp_vcf4_18VR003296.vcf	HA_nonantigenic	0.0624138160688112	0	0.019559902200489	5	1006.81068979394	292.152833779256	6.19916104402755e-05	0	1.94275869324472e-05	0.0171143299735298	0.00891093849277988	0.0311882847247296	*
temp_vcf4_18VR003655.vcf	HA	0.0336085759814572	0.0217378250165136	0.983050847457627	0.989071038251366	1323.82768361582	374.17231638418	2.53874249627874e-05	5.809575980013e-05	0.000742582180161532	0.00264335707090591	0.027471398314199	0.0333237575409364	0.0216190390874615
temp_vcf4_18VR003655.vcf	HA_antigenic	0	0	0	0	319.333333333333	82.6666666666667	0	0	0	0	*	*	*
temp_vcf4_18VR003655.vcf	HA_nonantigenic	0.0336085759814572	0.0217378250165136	0.983050847457627	0.989071038251366	1006.49435028248	292.505649717515	3.33917184652101e-05	7.43159150515784e-05	0.000976707765107398	0.00338137413484681	0.027471398314199	0.0333237575409364	0.0216190390874615
temp_vcf4_18VR003663.vcf	HA	0.177799223633899	0	1.09028726839547	1	1323.83698531891	374.163014681095	0.000134305979970085	0	0.000823581211649581	0.00267263187638232	0.0222195172517212	0.0296260230022949	*
temp_vcf4_18VR003663.vcf	HA_antigenic	0.0902561116613848	0	0.0458452953084366	0	319.323101924098	82.6768980759022	0.000282648236590281	0	0.00014357024290505	0	0.0300790890265458	0.0300790890265458	*
temp_vcf4_18VR003663.vcf	HA_nonantigenic	0.0875431119725139	0	1.04444197308704	1	1006.5138833948	292.486116605194	8.69765568232855e-05	0	0.00103768262943806	0.00341896569863461	0.0175037741868265	0.0291729569780441	*
temp_vcf4_18VR003772.vcf	HA	0	0	1	5	1324.16666666667	373.833333333332	0	0	0.000755191944619257	0.0133749442710656	0	*	*
temp_vcf4_18VR003772.vcf	HA_antigenic	0	0	1	0	319.333333333333	82.6666666666667	0	0	0.00313152400835073	0	0	*	*
temp_vcf4_18VR003772.vcf	HA_nonantigenic	0	0	0	5	1006.83333333333	292.166666666667	0	0	0	0.0171135196805476	0	*	*
temp_vcf4_18VR003776.vcf	HA	0.225542743708746	0.067036523347203	2.11663582766388	5.03467406380028	1322.81037282625	375.189627173749	0.000170502702686601	0.000178673711883188	0.00160010525404452	0.0134190118786753	0.0243572290044047	0.0563358004632882	0.0669435461997034
temp_vcf4_18VR003776.vcf	HA_antigenic	0	0	1	0	318.666666666667	83.3333333333333	0	0	0.00313807531380753	0	0	*	*
temp_vcf4_18VR003776.vcf	HA_nonantigenic	0.225542743708746	0.067036523347203	1.11663582766388	5.03467406380028	1006.14370615958	292.856293840417	0.000224165536521254	0.000228905865290136	0.0011098174354497	0.0171916198138592	0.0265715225502597	0.0563358004632882	0.0669435461997034
temp_vcf4_18VR003915.vcf	HA	0.155349258211171	0.0390952933221685	1.079857217668	5.0199399071292	1324.14092732596	373.859072674044	0.000117320788901897	0.000104572273831788	0.000815515324225138	0.0134273587938467	0.019439573967045	0.051770375068231	0.0390846144657571
temp_vcf4_18VR003915.vcf	HA_antigenic	0.10185122544675	0.0390952933221685	1.05235841326819	0.0199399071291997	319.298427724488	82.7015722755121	0.000318984425236927	0.000472727328471174	0.00329584589804569	0.000241106747798843	0.0352276248394177	0.0509129424459568	0.0390846144657571
temp_vcf4_18VR003915.vcf	HA_nonantigenic	0.053498032764421	0	0.0274988043998087	5	1006.84249960146	292.157500398534	5.31344602413952e-05	0	2.73119225804369e-05	0.017114056607068	0.00891420671879658	0.0534852403127795	*
temp_vcf4_18VR003988.vcf	HA	0.283799830683866	0.417776631317758	1.15938095779487	1.2370326439025	1323.83170923446	374.168290765543	0.000214377574357983	0.00111654739759746	0.000875776694052231	0.00330608625699294	0.100166968742614	0.0945365349197164	0.208779588219574
temp_vcf4_18VR003988.vcf	HA_antigenic	0	0	0	0	319.333333333333	82.6666666666667	0	0	0	0	*	*	*
temp_vcf4_18VR003988.vcf	HA_nonantigenic	0.283799830683866	0.417776631317758	1.15938095779487	1.2370326439025	1006.49837590112	292.501624098878	0.000281967499877761	0.00142828824491085	0.00115189550778646	0.0042291479499079	0.100166968742614	0.0945365349197164	0.208779588219574
temp_vcf4_18VR004005.vcf	HA	0	0.0235300788115893	1	5.01190476190476	1324.16666666667	373.833333333332	0	6.29426985597575e-05	0.000755191944619257	0.0134067893764729	0.00336086815678652	*	0.0235260770975056
temp_vcf4_18VR004005.vcf	HA_antigenic	0	0.0235300788115893	1	0.0119047619047619	319.333333333333	82.6666666666667	0	0.000284638050140193	0.00313152400835073	0.000144009216589862	0.0117630385487528	*	0.0235260770975056
temp_vcf4_18VR004005.vcf	HA_nonantigenic	0	0	0	5	1006.83333333333	292.166666666667	0	0	0	0.0171135196805476	0	*	*
temp_vcf4_18VR004088.vcf	HA	0	0	16	34	1319.33333333333	378.666666666666	0	0	0.0121273370389085	0.0897887323943665	0	*	*
temp_vcf4_18VR004088.vcf	HA_antigenic	0	0	13	8	316	86	0	0	0.0411392405063291	0.0930232558139535	0	*	*
temp_vcf4_18VR004088.vcf	HA_nonantigenic	0	0	3	26	1005.33333333333	293.666666666667	0	0	0.00298408488063661	0.0885357548240634	0	*	*
temp_vcf4_18VR004244.vcf	HA	0.0550955963327097	0.0211459690932787	3.02831402831403	5.01067073170732	1322.83333333333	375.166666666666	4.16496885468386e-05	5.63642001597835e-05	0.0022892634710702	0.0133558526833603	0.00761384226136164	0.0550246882293215	0.0211137343842949
temp_vcf4_18VR004244.vcf	HA_antigenic	0	0.0211459690932787	1	0.0106707317073171	318.666666666667	83.3333333333333	0	0.000253751629119345	0.00313807531380753	0.000128048780487805	0.0105568671921474	*	0.0211137343842949
temp_vcf4_18VR004244.vcf	HA_nonantigenic	0.0550955963327097	0	2.02831402831403	5	1006.16666666666	292.833333333334	5.47579224774324e-05	0	0.00201588275134739	0.0170745589072282	0.00687808602866519	0.0550246882293215	*
temp_vcf4_18VR004249.vcf	HA	0.136203807303302	0.129964401874116	16.0700787989865	34.0106047248784	1319.32213930348	378.677860696516	0.000103237718253715	0.000343205704276104	0.0121805572121078	0.0898140827729443	0.00483801170121694	0.0453888536896821	0.0433080274992951
temp_vcf4_18VR004249.vcf	HA_antigenic	0.0207504835365178	0	13.0104832977967	8	316	86	6.56660871408792e-05	0	0.0411724154993567	0.0930232558139535	0.000943036205821429	0.0207467965280714	*
temp_vcf4_18VR004249.vcf	HA_nonantigenic	0.115453323766784	0.129964401874116	3.05959550118979	26.0106047248784	1005.32213930348	293.677860696518	0.000114842118016792	0.000442540685790474	0.00304339811247923	0.0885684901925833	0.00743466203148061	0.0577098822704875	0.0433080274992951
temp_vcf4_18VR004315.vcf	HA	0	0	1	6	1324	373.999999999999	0	0	0.000755287009063443	0.0160427807486631	0	*	*
temp_vcf4_18VR004315.vcf	HA_antigenic	0	0	1	0	319.333333333333	82.6666666666667	0	0	0.00313152400835073	0	0	*	*
temp_vcf4_18VR004315.vcf	HA_nonantigenic	0	0	0	6	1006.66666666666	292.333333333334	0	0	0	0.0205245153933865	0	*	*
temp_vcf4_18VR004483.vcf	HA	0.026921475517886	0	17.0148044009986	33.9988385598142	1320.50909530721	377.49090469279	2.03871943128289e-05	0	0.0128850338566128	0.0900653184941849	0.000517570401270514	0.0269136608660667	*
temp_vcf4_18VR004483.vcf	HA_antigenic	0	0	13	8	316	86	0	0	0.0411392405063291	0.0930232558139535	0	*	*
temp_vcf4_18VR004483.vcf	HA_nonantigenic	0.026921475517886	0	4.0148044009986	25.9988385598142	1006.50909530721	292.490904692792	2.67473743092893e-05	0	0.00398884065699695	0.0888876821216755	0.000868182608582798	0.0269136608660667	*
temp_vcf4_18VR004484.vcf	HA	0.242973236961816	0.187956870780163	17.109257478814	34.096826942492	1320.51002906139	377.489970938607	0.000183999539279924	0.000497912223503102	0.01295655247009	0.0903251200494472	0.00755541232117282	0.0485638598677569	0.093919601484033
temp_vcf4_18VR004484.vcf	HA_antigenic	0.0605690859885465	0	13.010294302297	8	316.013696094762	85.9863039052378	0.000191666015546313	0	0.0411700330177956	0.0930380727704786	0.00275153281783909	0.03026686099623	*
temp_vcf4_18VR004484.vcf	HA_nonantigenic	0.18240415097327	0.187956870780163	4.09896317651696	26.096826942492	1006.49633296663	292.503667033371	0.000181226841071181	0.000642579536477126	0.00407250681622987	0.0892188026467193	0.0105749937232683	0.0607618591154415	0.093919601484033
temp_vcf4_18VR004496.vcf	HA	0	0	16	34	1319.33333333333	378.666666666666	0	0	0.0121273370389085	0.0897887323943665	0	*	*
temp_vcf4_18VR004496.vcf	HA_antigenic	0	0	13	8	316	86	0	0	0.0411392405063291	0.0930232558139535	0	*	*
temp_vcf4_18VR004496.vcf	HA_nonantigenic	0	0	3	26	1005.33333333333	293.666666666667	0	0	0.00298408488063661	0.0885357548240634	0	*	*
temp_vcf4_18VR004557.vcf	HA	0.239983394541067	0.067270129610297	17.0639298289474	34.0265411347795	1319.85372039453	377.958425354455	0.000181825751469891	0.000177982881443138	0.0129286522932607	0.0900272063068019	0.00558479776241803	0.0799701231813324	0.0672535073889946
temp_vcf4_18VR004557.vcf	HA_antigenic	0	0	14	8	316.666666666667	85.3333333333333	0	0	0.0442105263157895	0.09375	0	*	*
temp_vcf4_18VR004557.vcf	HA_nonantigenic	0.239983394541067	0.067270129610297	3.06392982894742	26.0265411347795	1005.18705372786	293.625092021124	0.000238745011339988	0.000229102115038103	0.00304811907155434	0.0886386819179172	0.00930799627069672	0.0799701231813324	0.0672535073889946
temp_vcf4_18VR004559.vcf	HA	0.207950288690018	0	16.0920160531795	34	1319.38382252609	378.616177473909	0.000157611670796354	0	0.0121966146457441	0.0898007058938812	0.00385021473412673	0.0519778989107109	*
temp_vcf4_18VR004559.vcf	HA_antigenic	0.155240539275302	0	13.0653088067816	8	316.055227887585	85.944772112415	0.000491181684646956	0	0.0413386891085652	0.0930830323168008	0.00674840674848159	0.0776066776075383	*
temp_vcf4_18VR004559.vcf	HA_nonantigenic	0.0527097494147162	0.0235678246599332	3.0267072463979	26.0119189511323	1005.3285946385	293.671405361495	5.24303692303407e-05	8.02523644783269e-05	0.00301066463496569	0.0885749122190255	0.0023828756218806	0.0263491202138835	0.0235537794724123
temp_vcf4_18VR004561.vcf	HA	0	0	17	34	1320	377.999999999999	0	0	0.0128787878787879	0.0899470899470902	0	*	*
temp_vcf4_18VR004561.vcf	HA_antigenic	0	0	14	8	316.666666666667	85.3333333333333	0	0	0.0442105263157895	0.09375	0	*	*
temp_vcf4_18VR004561.vcf	HA_nonantigenic	0	0	3	26	1005.33333333333	293.666666666667	0	0	0.00298408488063661	0.0885357548240634	0	*	*
temp_vcf4_18VR004562.vcf	HA	0	0	17	32	1319.83333333333	378.166666666666	0	0	0.0128804141937113	0.0846187747906569	0	*	*
temp_vcf4_18VR004562.vcf	HA_antigenic	0	0	14	8	316.666666666667	85.3333333333333	0	0	0.0442105263157895	0.09375	0	*	*
temp_vcf4_18VR004562.vcf	HA_nonantigenic	0	0	3	24	1005.16666666666	293.833333333334	0	0	0.00298457967169624	0.0816789563244468	0	*	*
temp_vcf4_18VR004563.vcf	HA	0.0221290845577619	0.0208188428464025	16.0111878907535	34.0105185185185	1319.33903884075	378.66096115925	1.67728566397958e-05	5.49801669088536e-05	0.0121357645149513	0.0898178634903297	0.000825792351566089	0.0221254437080485	0.0208157585733881
temp_vcf4_18VR004563.vcf	HA_antigenic	0.0221290845577619	0	13.0111878907535	8	316.007458593836	85.9925414061643	7.00270957408141e-05	0	0.0411736733957182	0.093031324219318	0.00100570198672948	0.0221254437080485	*
temp_vcf4_18VR004563.vcf	HA_nonantigenic	0	0.0208188428464025	3	26.0105185185185	1005.33158024691	293.668419753087	0	7.0892344719622e-05	0.0029840900842518	0.0885710439698891	0.000693858619112938	*	0.0208157585733881
temp_vcf4_18VR004622.vcf	HA	0.172098909203301	0.0583848905278547	16.0890836576449	34.0039878125343	1319.36073647016	378.639263529844	0.000130441132926039	0.000154196609151319	0.0121946054728671	0.0898057626024674	0.00418982139254052	0.0430170042940625	0.0583721594134787
temp_vcf4_18VR004622.vcf	HA_antigenic	0.0688545559518458	0	13.0356953525358	8	316	86	0.000217894164404575	0	0.0412522004827082	0.0930232558139535	0.00312919948573908	0.0688423886862597	*
temp_vcf4_18VR004622.vcf	HA_nonantigenic	0.103244353251455	0.0583848905278547	3.05338830510909	26.0039878125343	1005.36073647015	293.639263529846	0.000102693838645369	0.000198832028884722	0.00303710717391811	0.0885575978496187	0.00489690266374148	0.0344085428299967	0.0583721594134787
temp_vcf4_18VR004624.vcf	HA	0	0	16	34	1319.33333333333	378.666666666666	0	0	0.0121273370389085	0.0897887323943665	0	*	*
temp_vcf4_18VR004624.vcf	HA_antigenic	0	0	13	8	316	86	0	0	0.0411392405063291	0.0930232558139535	0	*	*
temp_vcf4_18VR004624.vcf	HA_nonantigenic	0	0	3	26	1005.33333333333	293.666666666667	0	0	0.00298408488063661	0.0885357548240634	0	*	*
temp_vcf4_18VR004851.vcf	HA	0.0213027684915845	0	16.010752688172	34	1319.33333333333	378.666666666666	1.61466158349554e-05	0	0.0121354871310046	0.0897887323943665	0.000417139916435991	0.0212741357382356	*
temp_vcf4_18VR004851.vcf	HA_antigenic	0	0	13	8	316	86	0	0	0.0411392405063291	0.0930232558139535	0	*	*
temp_vcf4_18VR004851.vcf	HA_nonantigenic	0.0213027684915845	0	3.01075268817204	26	1005.33333333333	293.666666666667	2.11897564571465e-05	0	0.00299478052537008	0.0885357548240634	0.000709137857941185	0.0212741357382356	*
temp_vcf4_18VR004928.vcf	HA	0.112087001333277	0	0.0579334331540131	6	1323.98270953967	374.017290460326	8.46589615752972e-05	0	4.37569408849422e-05	0.0160420391063083	0.0140067672705776	0.0560270690823106	*
temp_vcf4_18VR004928.vcf	HA_antigenic	0.0359083141229542	0	0.0182844243792325	0	319.342475545523	82.657524454477	0.000112444528594617	0	5.72564747235637e-05	0	0.0359002084087052	0.0359002084087052	*
temp_vcf4_18VR004928.vcf	HA_nonantigenic	0.076178687210323	0	0.0396490087747806	6	1006.64023399415	292.35976600585	7.56761796695341e-05	0	3.93874667789318e-05	0.0205226597420383	0.0108791328222737	0.076153929755916	*
temp_vcf4_18VR004934.vcf	HA	0.043059087951736	0	0.0219435736677116	6	1324	373.999999999999	3.25219697520664e-05	0	1.65736961236492e-05	0.0160427807486631	0.00613201521211467	0.0429241064848027	*
temp_vcf4_18VR004934.vcf	HA_antigenic	0	0	0	0	319.333333333333	82.6666666666667	0	0	0	0	*	*	*
temp_vcf4_18VR004934.vcf	HA_nonantigenic	0.043059087951736	0	0.0219435736677116	6	1006.66666666666	292.333333333334	4.27739284288769e-05	0	2.1798251987793e-05	0.0205245153933865	0.00613201521211467	0.0429241064848027	*
temp_vcf4_18VR004997.vcf	HA	0.263081048594989	0	16.1557150745444	32	1319.16666666667	378.833333333332	0.000199429727298791	0	0.0122469097217014	0.0844698636163663	0.00536603633077824	0.262935780208134	*
temp_vcf4_18VR004997.vcf	HA_antigenic	0	0	13	8	316	86	0	0	0.0411392405063291	0.0930232558139535	0	*	*
temp_vcf4_18VR004997.vcf	HA_nonantigenic	0.263081048594989	0	3.15571507454445	24	1005.16666666666	293.833333333334	0.000261728783215045	0	0.00313949435371692	0.0816789563244468	0.00939056357886191	0.262935780208134	*
temp_vcf4_18VR005017.vcf	HA	0	0	16	34	1319.33333333333	378.666666666666	0	0	0.0121273370389085	0.0897887323943665	0	*	*
temp_vcf4_18VR005017.vcf	HA_antigenic	0	0	13	8	316	86	0	0	0.0411392405063291	0.0930232558139535	0	*	*
temp_vcf4_18VR005017.vcf	HA_nonantigenic	0	0	3	26	1005.33333333333	293.666666666667	0	0	0.00298408488063661	0.0885357548240634	0	*	*
temp_vcf4_18VR005252.vcf	HA	0.389077221545036	0	2.21048238396208	7	1323.46387628902	374.536123710978	0.000293984013100535	0	0.00167022494800557	0.0186897859961881	0.0299172768484418	0.097231149757436	*
temp_vcf4_18VR005252.vcf	HA_antigenic	0.0993818485185938	0	2.05241567912489	0	318.666666666667	83.3333333333333	0.000311867725476759	0	0.00644063497633332	0	0.0331121838045087	0.0993365514135262	*
temp_vcf4_18VR005252.vcf	HA_nonantigenic	0.289695373026443	0	0.158066704837192	7	1006.79720962235	292.202790377646	0.000287739547008783	0	0.000156999546012332	0.0239559656187853	0.0289588047616218	0.0965293492054059	*
temp_vcf4_18VR005296.vcf	HA	0	0.0227473085978983	1	5.01150306748466	1323.33333333333	374.666666666666	0	6.07134571118285e-05	0.000755667506297228	0.013375897866952	0.00324878483517312	*	0.0227414938462118
temp_vcf4_18VR005296.vcf	HA_antigenic	0	0	1	0	318.666666666667	83.3333333333333	0	0	0.00313807531380753	0	0	*	*
temp_vcf4_18VR005296.vcf	HA_nonantigenic	0	0.0227473085978983	0	5.01150306748466	1006.66666666666	292.333333333334	0	7.78129142459463e-05	0	0.0171431119754321	0.00379024897436864	*	0.0227414938462118
temp_vcf4_18VR005308.vcf	HA	0	0.0199432646287114	16	34.0100710900474	1319.33165481833	378.668345181673	0	5.26668386266701e-05	0.01212735246787	0.0898149304604017	0.000390967184025517	*	0.0199393263853014
temp_vcf4_18VR005308.vcf	HA_antigenic	0	0	13	8	316	86	0	0	0.0411392405063291	0.0930232558139535	0	*	*
temp_vcf4_18VR005308.vcf	HA_nonantigenic	0	0.0199432646287114	3	26.0100710900474	1005.33165481832	293.668345181675	0	6.79108421317037e-05	0.00298408986290414	0.088569542876528	0.000664644212843379	*	0.0199393263853014
