file	sites	sites_coding	sites_noncoding	pi	pi_coding	pi_noncoding	N_sites	S_sites	piN	piS	mean_dN_vs_ref	mean_dS_vs_ref	mean_gdiv_polymorphic	mean_N_gdiv	mean_S_gdiv	mean_gdiv	sites_polymorphic	mean_gdiv_coding_poly	sites_coding_poly	mean_gdiv_noncoding_poly	sites_noncoding_poly
temp_vcf4_17VR013816.vcf	2316	2274	42	2.90105191224855e-05	2.95463334598401e-05	0	1983.50000000001	557.499999999999	1.85113250468371e-05	5.46567696094619e-05	9.42922397866864e-06	0.00176597907324365	0.0335805174628784	0.0367061371479791	0.0304548977777777	2.89987197434183e-05	2	0.0335805174628784	2	*	0
temp_vcf4_17VR013817.vcf	2316	2274	42	0	0	0	1983.50000000001	557.499999999999	0	0	0	0	*	*	*	0	0	*	0	*	0
temp_vcf4_17VR013818.vcf	2316	2274	42	0.000116478837948491	0.000118630162132236	0	1983.48250000001	557.517499999998	8.2234825522417e-05	0.000191300993017147	4.21154712757993e-05	9.76532361107387e-05	0.0384836500158739	0.0407233341509694	0.0354974045024133	0.000116315004365767	7	0.0384836500158739	7	*	0
temp_vcf4_17VR013863.vcf	2316	2274	42	6.35719797540429e-05	6.47461324144079e-05	0	1983.50027236066	557.499727639339	7.4228729464773e-05	0	3.79576015259953e-05	0	0.0489326216130078	0.0489326216130078	*	6.33842248873158e-05	3	0.0489326216130078	3	*	0
temp_vcf4_17VR013864.vcf	2316	2274	42	3.97088458531786e-05	4.04422546156384e-05	0	1983.46843212006	557.531567879942	4.636609562657e-05	0	2.38732410094697e-05	0	0.0459333520328592	0.0459333520328592	*	3.96661071095503e-05	2	0.0459333520328592	2	*	0
temp_vcf4_17VR014028.vcf	2316	2274	42	1.83576094479976e-05	1.86966681976968e-05	0	1983.48551615769	557.514483842316	2.14351066015964e-05	0	1.09533260006901e-05	0	0.0425075093550036	0.0425075093550036	*	1.83538468717632e-05	1	0.0425075093550036	1	*	0
temp_vcf4_17VR014029.vcf	2316	2274	42	1.60754599975782e-05	1.63723682297235e-05	0	1983.50000000001	557.499999999999	0	6.67816418912848e-05	0	3.40257092588209e-05	0.0372189946413484	*	0.0372189946413484	1.60703776517048e-05	1	0.0372189946413484	1	*	0
temp_vcf4_17VR014030.vcf	2316	2274	42	0	0	0	1983.50000000001	557.499999999999	0	0	0	0	*	*	*	0	0	*	0	*	0
temp_vcf4_17VR014031.vcf	2316	2274	42	0.000129666800778923	0.000132061702112571	0	1983.42133615837	557.462089694135	0.000186887638053037	0.000141216270960859	7.72001279442185e-05	7.3573018307757e-05	0.0898082092086857	0.0617295055036841	0.0786640130213243	0.000129558633995636	5	0.0600115592667785	5	*	0
temp_vcf4_17VR014077.vcf	2316	2274	42	0.00020453519500442	0.000208312889898961	0	1983.47353240095	557.526467599058	0.000175068683540265	0.000226822256565559	9.56092411264466e-05	0.000121549671505309	0.118285959507839	0.115598098574246	0.126349542308618	0.0002042935397372	4	0.118285959507839	4	*	0
temp_vcf4_17VR014149.vcf	2316	2274	42	0.000352532770689356	0.000359043930042457	0	1983.42046238786	557.579537612145	0.000611175903272694	0	0.000419888647305278	0	0.601051565868944	0.400701043912629	*	0.000349690735743862	2	0.404941871991393	2	*	0
temp_vcf4_17VR014170.vcf	2316	2274	42	6.70516232820754e-05	6.82900437648578e-05	0	1983.51807051085	557.48192948915	0.000107691838522389	0	5.53978031898036e-05	0	0.0711609939872876	0.0533707454904657	*	6.70084644074239e-05	3	0.0517305345225313	3	*	0
temp_vcf4_17VR014171.vcf	2316	2274	42	0.000247601315213058	0.000252174426575832	0	1983.46867873816	557.498183776528	8.50457334282422e-05	0.000726027652281027	3.75779169213396e-05	0.000453566177523774	0.0636976995262733	0.0281050264306994	0.134883045717421	0.000247529920438886	9	0.0636976995262733	9	*	0
temp_vcf4_17VR014172.vcf	2316	2274	42	1.79635848914373e-05	1.82953661427304e-05	0	1983.50358851675	557.496411483252	1.07510843989989e-05	3.63748496044217e-05	5.42754260771711e-06	1.83610517692964e-05	0.0207810934301615	0.0212993063345619	0.0202628805257612	1.79456765372725e-05	2	0.0207810934301615	2	*	0
temp_vcf4_17VR014174.vcf	2316	2274	42	0.000157617807098306	0.000160528953931256	0	1983.50472068947	557.495279310534	0.00015826857244825	9.16893515493183e-05	8.12477962556812e-05	4.70550147363824e-05	0.0455949834190167	0.0448100436240075	0.0510895619840808	0.000157495624936154	8	0.0455949834190166	8	*	0
temp_vcf4_17VR014176.vcf	2316	2274	42	0	0	0	1983.50000000001	557.499999999999	0	0	0	0	*	*	*	0	0	*	0	*	0
temp_vcf4_17VR014177.vcf	2316	2274	42	4.21939304650406e-05	4.29732378878778e-05	0	1983.50000000001	557.499999999999	2.91408840611191e-05	7.16057388731916e-05	1.47841706748972e-05	3.6517141146054e-05	0.0325579392365612	0.0288930632967987	0.0398876911160861	4.21734964204161e-05	3	0.0325579392365612	3	*	0
temp_vcf4_17VR014303.vcf	2316	2274	42	1.13633891564091e-05	1.15732670563956e-05	0	1983.50000000001	557.499999999999	1.32682678529082e-05	0	6.72212419124442e-06	0	0.026311111111111	0.026311111111111	*	1.13605833813087e-05	1	0.026311111111111	1	*	0
temp_vcf4_17VR014305.vcf	2316	2274	42	1.98217279908699e-05	2.01878285078517e-05	0	1983.50000000001	557.499999999999	0	8.23446135010848e-05	0	4.21344087639571e-05	0.0458763118778434	*	0.0458763118778434	1.98084248177217e-05	1	0.0458763118778434	1	*	0
temp_vcf4_17VR014310.vcf	2316	2274	42	0	0	0	1983.50000000001	557.499999999999	0	0	0	0	*	*	*	0	0	*	0	*	0
temp_vcf4_17VR014358.vcf	2316	2274	42	0.0001943930691847	0.00019798344249418	0	1983.46466264156	557.535337358445	0.000196040329827473	0.000161319612122166	0.000100574014743023	8.26923365823415e-05	0.0478019696343083	0.0431369003728913	0.044893796493531	0.000194084421309449	10	0.0449499519752684	10	*	0
temp_vcf4_17VR014360.vcf	2316	2274	42	0.000161170023124694	0.000164146778169213	0	1983.49820999206	557.501790007945	4.54975953071931e-05	0.000507667203547449	2.30974303583803e-05	0.000283630078779893	0.0621838088902616	0.030065068909739	0.0943025488707841	0.000161097950492906	6	0.0621838088902616	6	*	0
temp_vcf4_17VR014361.vcf	2316	2274	42	0.000280065402847357	0.000285238114773298	0	1983.49074676395	557.50925323605	0.000293924715968591	0.000117728124232166	0.000172545944353182	5.9943772953464e-05	0.0647912374609772	0.0727933470498243	0.0327827991055885	0.000279754911316827	10	0.0647912374609772	10	*	0
temp_vcf4_17VR014363.vcf	2316	2274	42	0.000128511662302302	0.000130885228624508	0	1983.87877140528	557.121228594725	0.000150025805095592	0	0.000595723342133998	0	0.148776054686499	0.297552109372997	*	0.000128476731162779	2	0.148776054686499	2	*	0
temp_vcf4_17VR014364.vcf	2316	2274	42	7.36703989317962e-05	7.50310659305365e-05	0	1983.48326155793	557.516738442077	8.60207127697292e-05	5.24226109953968e-05	4.43340489347873e-05	2.65892741663172e-05	0.049932697936664	0.0426305902065399	0.0292084309204967	7.36279623601725e-05	4	0.0426305902065399	4	*	0
temp_vcf4_17VR014365.vcf	2316	2274	42	0	0	0	1983.50000000001	557.499999999999	0	0	0	0	*	*	*	0	0	*	0	*	0
temp_vcf4_17VR014366.vcf	2316	2274	42	0.000124268718499076	0.0001265639191046	0	1983.46807461854	557.531925381459	0.000122940716433932	7.88427781895174e-05	6.65289807598533e-05	4.03060508095289e-05	0.0719034710365806	0.0812266791365996	0.0439338467365233	0.000124185614916374	4	0.0719034710365806	4	*	0
temp_vcf4_17VR014367.vcf	2316	2274	42	6.71253397077525e-05	6.83651217076318e-05	0	1983.47797737107	557.52202262893	9.17996008453795e-05	0	4.68234716068957e-05	0	0.0455020458707049	0.036401636696564	*	6.70978165020923e-05	4	0.0388496357547115	4	*	0
temp_vcf4_17VR014370.vcf	2316	2274	42	0	0	0	1983.50000000001	557.499999999999	0	0	0	0	*	*	*	0	0	*	0	*	0
temp_vcf4_17VR014371.vcf	2316	2274	42	0	0	0	1983.50000000001	557.499999999999	0	0	0	0	*	*	*	0	0	*	0	*	0
temp_vcf4_17VR014380.vcf	2316	2274	42	4.34966627879572e-05	4.43000312299511e-05	0	1983.50000000001	557.499999999999	0	0.000180696450254545	0	9.53675709676767e-05	0.100681292356831	*	0.100681292356831	4.34720606031224e-05	1	0.100681292356831	1	*	0
temp_vcf4_17VR014484.vcf	2316	2274	42	0.000329599280950774	0.000335686866614772	0	1983.70914133522	557.290858664785	0.000444381710880368	0.000897945019512822	0.000344902492129663	0.000879943763225418	0.153371482251714	0.0677329424236944	0.499815088757396	0.000329218944617202	9	0.0847190084148267	9	*	0
temp_vcf4_17VR014490.vcf	2316	2274	42	0	0	0	1983.50000000001	557.499999999999	0	0	0	0	*	*	*	0	0	*	0	*	0
temp_vcf4_17VR014505.vcf	2316	2274	42	0	0	0	1983.50000000001	557.499999999999	0	0	0	0	*	*	*	0	0	*	0	*	0
temp_vcf4_17VR014509.vcf	2316	2274	42	2.28166622875617e-05	2.32380782137172e-05	0	1982.83333333334	558.166666666665	2.66504445782934e-05	0	0.000517830499857871	0	0.0176039743226277	0.0264059614839415	*	2.28030755474451e-05	3	0.0176039743226276	3	*	0
temp_vcf4_17VR014538.vcf	2316	2274	42	9.86763172733781e-05	8.7648325340161e-05	0.000695763309086131	1983.50937182541	557.490628174591	9.02247257669122e-05	3.65041162415825e-05	4.57207030292916e-05	1.84352736574832e-05	0.0221377530603513	0.0255565780935743	0.0203437308881422	9.86183317241938e-05	9	0.0249049721928953	8	0.0291602787300707	1
temp_vcf4_17VR014540.vcf	2316	2274	42	9.69424836946282e-06	9.87329781164287e-06	0	1983.49621603028	557.503783969727	1.13193456293103e-05	0	5.72318166930813e-06	0	0.0224460866851766	0.0224460866851766	*	9.6917472733923e-06	1	0.0224460866851766	1	*	0
temp_vcf4_17VR014542.vcf	2316	2274	42	0.000102191350342045	0.00010407878953042	0	1983.48770491804	557.512295081966	0.00011882456678911	6.28178811082613e-05	6.06771022740751e-05	3.19263860327819e-05	0.0450219314556185	0.0391944195247981	0.0349650715849226	0.000101973857760156	6	0.0393619090954203	6	*	0
temp_vcf4_17VR014558.vcf	2316	2274	42	0	0	0	1983.50000000001	557.499999999999	0	0	0	0	*	*	*	0	0	*	0	*	0
temp_vcf4_17VR014572.vcf	2316	2274	42	0.000125243930168186	0.000127557142598733	0	1983.56040597552	557.439594024488	0.000146234488950118	0.000383125663175261	8.13249721951118e-05	0.000217966453812161	0.251705279227919	0.144965158674051	0.213480241107736	0.000125185801963775	2	0.144965158674051	2	*	0
temp_vcf4_17VR014625.vcf	2316	2274	42	0	0	0	1983.50000000001	557.499999999999	0	0	0	0	*	*	*	0	0	*	0	*	0
temp_vcf4_17VR014650.vcf	2316	2274	42	6.19267643343886e-05	6.30705304302744e-05	0	1983.50422828201	557.495771717993	7.23075777472214e-05	0	0.000541588791321829	0	0.0476449893779821	0.0714674840669731	*	6.17163074844327e-05	3	0.0476449893779821	3	*	0
temp_vcf4_17VR014747.vcf	2316	2274	42	7.4100639578957e-05	7.54692529748744e-05	0	1985.50427849087	555.495721509139	1.27706801366296e-05	0.000263297871704565	0.0010137653665036	0.00914386314407615	0.0244991122216441	0.025341446444886	0.146152339106622	7.40474030878706e-05	7	0.0244991122216441	7	*	0
temp_vcf4_17VR014815.vcf	2316	2274	42	0.00018526361840027	0.000188685373885235	0	1984.80967659196	556.190323408042	0.00017716723050994	0.00040006260684312	0.000597393797829592	0.0127980811765307	0.0478189281862582	0.0536791846166803	0.111185977428412	0.000185156039153198	12	0.0357351155565673	12	*	0
temp_vcf4_17VR014817.vcf	2316	2274	42	0.000127114884615754	0.000129462652933195	0	1983.37509548869	557.508488706987	0.000119414598824231	0.000439009618706688	4.30210654662676e-05	0.000230156421899752	0.120370238927978	0.0789296611620115	0.0815639907419598	0.000127084269222848	4	0.0735817918800287	4	*	0
temp_vcf4_17VR014818.vcf	2316	2274	42	6.0790266190104e-05	6.19130415550928e-05	0	1983.50182019627	557.498179803734	7.0980654044648e-05	3.8769766094247e-05	3.75784312442921e-05	1.95896201700408e-05	0.081172561666055	0.070370656198116	0.021603810935878	6.07691331589948e-05	2	0.070370656198116	2	*	0
temp_vcf4_17VR014826.vcf	2316	2274	42	0.000310789250821325	0.000316529421680822	0	1983.46367521368	557.536324786323	9.85401387561637e-05	0.000940453735153086	5.49414442705229e-05	0.00069582984648805	0.238849704944829	0.194197896120973	0.261175609356756	0.000309390809514027	3	0.238849704944828	3	*	0
temp_vcf4_17VR014827.vcf	2316	2274	42	0.000125743491159864	0.000128065930310574	0	1983.33170890189	557.451916829108	0.000146177559089976	0.000242557508133774	4.19927086564403e-05	0.00013074636433489	0.141636213427804	0.0965878029733764	0.135145231363283	0.000125674908707122	3	0.097021029521898	3	*	0
temp_vcf4_17VR014828.vcf	2316	2274	42	9.20825581170249e-05	9.37832913804e-05	0	1983.57127429806	557.428725701942	0.000107514767612522	0	5.95514245064525e-05	0	0.106568705033446	0.106568705033446	*	9.20282426886403e-05	2	0.106568705033446	2	*	0
temp_vcf4_17VR014893.vcf	2316	2274	42	0.000231243284455666	0.000235514268601285	0	1983.28988279656	557.710117203444	0.000213179736035388	0.000202187892284481	0.000152906616422505	0.000104158281355123	0.178427503750322	0.422585285268309	0.056348612991329	0.000231123709521143	3	0.178427503750322	3	*	0
temp_vcf4_17VR014896.vcf	2316	2274	42	8.3010743999794e-05	8.45439239681279e-05	0	1983.50000000001	557.499999999999	0	0.000344848220813495	0	0.000193145702310229	0.192168040701447	*	0.192168040701447	8.2974110838276e-05	1	0.192168040701447	1	*	0
temp_vcf4_17VR014897.vcf	2316	2274	42	0.000572029439019085	0.000582594626547142	0	1983.94738098554	557.052619014464	0.000292524827623007	0.00226599878880421	0.000160325146250601	0.0038007809807123	0.230094362075279	0.0828243517460338	0.315246108594999	0.000571418875245759	8	0.165425764383647	8	*	0
temp_vcf4_17VR014904.vcf	2316	2274	42	3.58547443231842e-05	3.65169691523723e-05	0	1983.47107736805	557.528922631958	4.18657921458998e-05	0.000148942206371079	2.18727403864293e-05	7.78147037367271e-05	0.166007124001863	0.0830035620009317	0.0830035620009317	3.58391891195733e-05	1	0.0830035620009317	1	*	0
temp_vcf4_17VR015004.vcf	2316	2274	42	0.000211528784819776	0.00021543564891935	0	1983.39420105821	557.605798941797	0.000230997312543461	5.69254041907556e-05	0.000176065024804467	0.00176468752991342	0.243005274880322	0.454522549760645	0.031488	0.000209849114749847	2	0.243005274880323	2	*	0
temp_vcf4_17VR015006.vcf	2316	2274	42	9.41525478331824e-06	9.58915130965921e-06	0	1985.83333333334	555.166666666665	1.09806446050348e-05	0	0.00151624974422822	0.00900630441308919	0.00311367403779125	0.0217957182645387	*	9.41093189315143e-06	7	0.00311367403779125	7	*	0
temp_vcf4_17VR015078.vcf	2316	2274	42	0	0	0	1983.50000000001	557.499999999999	0	0	0	0	*	*	*	0	0	*	0	*	0
temp_vcf4_17VR015079.vcf	2316	2274	42	0	0	0	1983.50000000001	557.499999999999	0	0	0	0	*	*	*	0	0	*	0	*	0
temp_vcf4_17VR015086.vcf	2316	2274	42	0	0	0	1983.50000000001	557.499999999999	0	0	0	0	*	*	*	0	0	*	0	*	0
temp_vcf4_17VR015088.vcf	2316	2274	42	9.05345356271251e-06	9.22066774460957e-06	0	1983.50000000001	557.499999999999	0	3.76104008094031e-05	0	1.89811849004675e-05	0.0209400632681056	*	0.0209400632681056	9.04147809503696e-06	1	0.0209400632681056	1	*	0
temp_vcf4_17VR015092.vcf	2316	2274	42	0.000167759561844444	0.000170858023408853	0	1983.45703354915	557.542966450852	0.000106114774193593	0.000466952628612473	5.51413012013583e-05	0.000247346513728354	0.0940666643021882	0.0700859023351691	0.0866918715018112	0.000167570229534515	5	0.0776185303203874	5	*	0
temp_vcf4_18VR001031.vcf	2316	2274	42	2.91183289562233e-05	2.96561345042274e-05	0	1983.47671957673	557.523280423279	3.3999920037884e-05	0	1.76057699976872e-05	0	0.0674023683547493	0.0674023683547493	*	2.9102922432966e-05	1	0.0674023683547493	1	*	0
temp_vcf4_18VR001129.vcf	2316	2274	42	0.000132359261246566	0.000134803891401516	0	1985.07317073171	555.926829268291	0.000154424559037314	0	0.0011017185170623	0.00719519150616419	0.0506753035010025	0.304051821006015	*	0.000131283169691716	6	0.0506753035010025	6	*	0
temp_vcf4_18VR001154.vcf	2316	2274	42	0	0	0	1982.83333333334	558.166666666665	0	0	0.000504328822392198	0	0	*	*	0	1	0	1	*	0
temp_vcf4_18VR001337.vcf	2316	2274	42	0.000325845941381423	0.000331864204151	0	1983.5818860459	557.418113954107	0.000196771796054534	0.000692307588681353	0.000110189936137142	0.00044265565840003	0.129317045206916	0.078033231771014	0.192868056193213	0.000325713775687291	6	0.125725517415294	6	*	0
temp_vcf4_18VR001443.vcf	2316	2274	42	0	0	0	1983.50000000001	557.499999999999	0	0	0	0	*	*	*	0	0	*	0	*	0
temp_vcf4_18VR001447.vcf	2316	2274	42	0.000329765049828357	0.000335855697186664	0	1983.30918943324	557.613137020799	0.000342436957474661	0.000189290030165592	0.000172492945074623	9.73868380020896e-05	0.0784232881715895	0.0754149324198372	0.0527492449686797	0.000329564280514779	10	0.0763270873672229	10	*	0
temp_vcf4_18VR001520.vcf	2316	2274	42	0.000285261307209821	0.0002905299857071	0	1984.83841466412	556.161585335881	0.000287063076926112	0.0002589226949043	0.000656626652053499	0.0127189883883015	0.0475652824608535	0.0949232379956395	0.0479799363129884	0.000285142971483356	15	0.0440260747970301	15	*	0
temp_vcf4_18VR001527.vcf	2316	2274	42	0	0	0	1985.16666666667	555.833333333332	0	0	0.00100747208462765	0.00899550224887559	0	*	*	0	6	0	6	*	0
temp_vcf4_18VR001531.vcf	2316	2274	42	0.000588512322634181	0.000599381943368849	0	1985.19399685647	555.806003143539	0.000223842352464197	0.00245228466679365	0.00134344469399382	0.00717912247034863	0.225806706062547	0.444223107788861	0.340557635177879	0.000588182444175957	8	0.170278817588939	8	*	0
temp_vcf4_18VR001685.vcf	2316	2274	42	8.02566200136361e-05	8.1738932256632e-05	0	1984.66666666667	556.333333333332	0	0.000334106049044185	0.000503862949277795	0.0055702374230699	0.0371522091408155	*	0.0928805228520388	8.02077053989973e-05	5	0.0371522091408155	5	*	0
temp_vcf4_18VR001710.vcf	2316	2274	42	0.000290618379923397	0.000295986001716177	0	1984.03396980299	556.966030197011	0.000326238998107138	0.000174252684796334	0.000683532778080707	0.00906681586489937	0.0531473140331744	0.0808892840785025	0.0484740619182111	0.000290513547330305	14	0.048059241115499	14	*	0
temp_vcf4_18VR001885.vcf	2316	2274	42	8.76301921667799e-06	8.92486917582508e-06	0	1983.50000000001	557.499999999999	1.02319901718307e-05	0	5.16707935637382e-06	0	0.0202877238262853	0.0202877238262853	*	8.75981166938051e-06	1	0.0202877238262853	1	*	0
temp_vcf4_18VR001887.vcf	2316	2274	42	1.78011782289263e-05	1.81299598848695e-05	0	1983.50000000001	557.499999999999	0	7.39507242658178e-05	0	3.7754775331326e-05	0.041210513702346	*	0.041210513702346	1.77938314776969e-05	1	0.0412105137023459	1	*	0
temp_vcf4_18VR001888.vcf	2316	2274	42	8.44666251138212e-05	8.60266947069525e-05	0	1985.68075146277	555.319248537233	0.00010274916339312	8.5794013751342e-05	0.00156296453337481	0.00544570952721803	0.0209662263039931	0.0291375541954306	0.0238159181399518	8.44420672751848e-05	12	0.0162973189841107	12	*	0
temp_vcf4_18VR001890.vcf	2316	2274	42	5.36313629112256e-05	5.46219157882139e-05	0	1985.60142980902	555.320282884173	2.5605562167656e-05	0.000132117982923631	0.00148778741774194	0.00547120669864942	0.0155224255024979	0.0445998536232265	0.0349796967735305	5.36180500949842e-05	8	0.0155224255024979	8	*	0
temp_vcf4_18VR001891.vcf	2316	2274	42	8.24508906545724e-05	8.39737303236542e-05	0	1985.65199376481	555.348006235198	8.38770876857001e-05	9.23163331268307e-05	0.00155338015512552	0.0054487988304599	0.0181472390634164	0.027752366287494	0.0256263355180161	8.24313176072947e-05	12	0.0159092442982079	12	*	0
temp_vcf4_18VR001894.vcf	2316	2274	42	1.29031418880247e-05	1.31414584928167e-05	0	1983.50000000001	557.499999999999	0	5.3603007376978e-05	0	2.72050855373232e-05	0.0298736045949326	*	0.0298736045949326	1.28987930029933e-05	1	0.0298736045949326	1	*	0
temp_vcf4_18VR001966.vcf	2316	2274	42	8.14961415086643e-05	8.30013472885077e-05	0	1985.56119303508	555.438806964924	9.50587996966014e-05	0	0.00145778754065162	0.00540113503482563	0.0377395778523502	0.188697889261751	*	8.14757725655229e-05	5	0.0377395778523502	5	*	0
temp_vcf4_18VR002043.vcf	2316	2274	42	1.25139878575385e-05	1.27451169208704e-05	0	1984.82360097324	556.176399026763	1.46020008346575e-05	5.21100786167387e-05	0.000496468028378356	0.00356973338553778	0.0287708455431828	0.0287708455431828	0.0287708455431828	1.24226448804762e-05	2	0.0143854227715914	2	*	0
temp_vcf4_18VR002046.vcf	2316	2274	42	0	0	0	1983.50000000001	557.499999999999	0	0	0	0	*	*	*	0	0	*	0	*	0
temp_vcf4_18VR002052.vcf	2316	2274	42	0.000396778087121127	0.00040410644229223	0	1983.38260489895	557.49436670989	0.000199423930594033	0.00110050672477444	8.46122724369917e-05	0.0006876704358953	0.144063447895161	0.0988200468938184	0.153290986922714	0.000396526661257411	7	0.131193678210309	7	*	0
temp_vcf4_18VR002057.vcf	2316	2274	42	0.000468367711505493	0.000477018302483167	0	1983.40879110345	557.591208896557	0.000224210901683365	0.00114786197517946	0.000121703861210529	0.00114075337082497	0.216006741096602	0.147330339447595	0.319021343570113	0.000466335796840677	5	0.216006741096602	5	*	0
temp_vcf4_18VR002075.vcf	2316	2274	42	0.000164506576775659	0.000167544956821648	0	1984.63059732972	556.322693540772	0.000146759593760681	0.000197562016337461	0.000570383478775215	0.00549330597424342	0.0250440089348978	0.0264562576845452	0.0365617694761227	0.000164310191426524	16	0.0237839002089893	16	*	0
temp_vcf4_18VR002079.vcf	2316	2274	42	0.000164911326804753	0.000167957182444946	0	1984.66328312162	556.336716878381	0.000132858201486502	0.000212561628489143	0.000572540584945721	0.00550097038263087	0.0346923389625746	0.0526944812734752	0.0393811074069816	0.000164773630651261	11	0.0346923389625746	11	*	0
temp_vcf4_18VR002160.vcf	2316	2274	42	0.000228253348087507	0.000232469109133978	0	1984.17410780971	556.825892190292	0.000187409662142017	0.00028156261623971	0.000608584963084074	0.00913340122476968	0.0660567703469039	0.18585973444884	0.156734693877551	0.000228175372528166	8	0.0660567703469039	8	*	0
temp_vcf4_18VR002212.vcf	2316	2274	42	0	0	0	1985.33333333334	555.666666666665	0	0	0.00100738750839489	0.00899820035992804	0	*	*	0	6	0	6	*	0
temp_vcf4_18VR002213.vcf	2316	2274	42	3.3307693820535e-05	3.39228755005977e-05	0	1985.50000000001	555.499999999998	0	0.000138867000699117	0.00151095441954167	0.00907191251658147	0.00856545640931055	*	0.0385445538418975	3.32854523677871e-05	9	0.00856545640931055	9	*	0
temp_vcf4_18VR002214.vcf	2316	2274	42	2.38444039693821e-05	2.42848019318773e-05	0	1985.50000000001	555.499999999998	0	9.94124925168121e-05	0.00151095441954167	0.00905204156779317	0.00690050361570249	*	0.0552040289256199	2.38359364963817e-05	8	0.00690050361570249	8	*	0
temp_vcf4_18VR002369.vcf	2316	2274	42	0	0	0	1983.50000000001	557.499999999999	0	0	0	0	*	*	*	0	0	*	0	*	0
temp_vcf4_18VR002372.vcf	2316	2274	42	1.08412524654134e-05	1.10414866798142e-05	0	1985.66666666667	555.333333333332	0	4.52130985172224e-05	0.00151082759778412	0.00902647810485358	0.00313569454646065	*	0.0250855563716852	1.08314146682578e-05	8	0.00313569454646064	8	*	0
temp_vcf4_18VR002389.vcf	2316	2274	42	9.37136447265184e-05	9.54445036000952e-05	0	1985.31843062855	555.681569371455	2.34631463623011e-05	0.000306756591667806	0.00101926490473022	0.00916707287601777	0.0240949414922195	0.0232848022824038	0.170284868865167	9.36331923272777e-05	9	0.0240949414922195	9	*	0
temp_vcf4_18VR002588.vcf	2316	2274	42	0.000350568817932853	0.000357043703752194	0	1985.49875308066	555.501246919341	0.000144906144868426	0.000943663790656832	0.00108145844252036	0.00609465731082044	0.0579620824534444	0.0410772382703031	0.1746428288187	0.000350375282533775	14	0.0579620824534444	14	*	0
temp_vcf4_18VR002645.vcf	2316	2274	42	0	0	0	1985.83333333334	555.166666666665	0	0	0.00201426772975241	0.010807565295707	0	*	*	0	8	0	8	*	0
temp_vcf4_18VR002648.vcf	2316	2274	42	3.91738275809021e-05	3.98973547393885e-05	0	1985.5107345274	555.489265472603	4.56943309848005e-05	3.78052697965661e-05	0.00153405096493935	0.0090201728156478	0.0101529748684782	0.0226723722513891	0.0209932345477042	3.91578104514493e-05	11	0.00824449900050514	11	*	0
temp_vcf4_18VR002835.vcf	2316	2274	42	0.000478729830135617	0.000487571805890101	0	1983.22921980674	557.35721345366	0.00028117764752692	0.00109210016955137	8.8901226788171e-05	0.0023957643655824	0.145211874798289	0.138995847119549	0.15142790247703	0.000476802262407776	8	0.138034254967051	8	*	0
temp_vcf4_18VR002895.vcf	2316	2274	42	0.000145797935723432	0.000148490773586397	0	1983.47451498709	557.525485012911	0.000170240664341314	0.000106454337231553	8.88601219311827e-05	0.0018485257859783	0.0566892630135926	0.0562495198556176	0.0593277219614428	0.000145724144703673	7	0.0482138741619579	7	*	0
temp_vcf4_18VR003034.vcf	2316	2274	42	7.11567370064469e-05	7.24709775316319e-05	0	1984.50000000001	556.499999999998	0	0.000296134776113084	0.000503905265810026	0.0109444314296067	0.023534874969155	*	0.164744124784085	7.11330417893285e-05	7	0.023534874969155	7	*	0
temp_vcf4_18VR003056.vcf	2316	2274	42	0.000183164567597462	0.000186547554334091	0	1984.7971328871	556.202867112905	9.05188327823751e-05	0.000484748073935231	0.00055159716078878	0.00564857386776335	0.0499040378771186	0.0598596426089545	0.067389353266801	0.000183104811153691	9	0.0471189714035499	9	*	0
temp_vcf4_18VR003058.vcf	2316	2274	42	0.000139551083649211	0.000142128544297085	0	1983.39240303715	557.497292173307	0.000175237797090864	8.34120557635138e-05	7.16448896144285e-05	0.00183591704820979	0.0437644516923882	0.0496288778467948	0.023238960151965	0.000139485038523238	9	0.0358941499133133	9	*	0
temp_vcf4_18VR003060.vcf	2316	2274	42	3.21986210280688e-05	3.27933185140754e-05	0	1983.50171888954	557.498281110466	1.07458907925866e-05	0.000133761858695724	0.00151790677820615	0.0305611114863856	0.004793109967727	0.0213093912561662	0.0248509360327913	3.21903316486934e-05	20	0.0037276404049187	20	*	0
temp_vcf4_18VR003296.vcf	2316	2274	42	7.11837705028998e-05	7.24985103274916e-05	0	1985.51699278538	555.48300721462	5.24718210292571e-05	0.000109234520949601	0.00103402081294409	0.00545615273497896	0.0183059946142988	0.0347147209485226	0.0303048943415606	7.11372847705911e-05	9	0.0183059946142988	9	*	0
temp_vcf4_18VR003655.vcf	2316	2274	42	0.000139629032589198	0.000142207932927257	0	1983.50000000001	557.499999999999	0.000163035462302284	0	9.12335081511486e-05	0.00179372197309418	0.107473327588539	0.161209991382808	*	0.000139214154907434	3	0.107473327588539	3	*	0
temp_vcf4_18VR003663.vcf	2316	2274	42	0.000106905191605576	0.000108879693825204	0	1983.45063711346	557.48871854037	0.000185263573368951	4.15166534152787e-05	8.41203198042363e-05	0.00181475544163046	0.0433838172984453	0.0333924573272872	0.0231373250858491	0.000106860292881174	9	0.0274987153680889	9	*	0
temp_vcf4_18VR003772.vcf	2316	2274	42	8.6615227508743e-06	8.82149810511208e-06	0	1984.83333333334	556.166666666665	2.0213371424326e-05	0	0.000514028293915787	0.00719208870242735	0.00802209930866358	0.0200552482716589	*	8.65943362334151e-06	5	0.00401104965433179	5	*	0
temp_vcf4_18VR003776.vcf	2316	2274	42	0.000198988353209158	0.000202663599838351	0	1984.72018018759	555.94977811196	0.000162471994168904	0.000536648815011873	0.00103738355888611	0.00927327292853693	0.0516959771564553	0.0805576620699966	0.0615966296125826	0.000198835676121361	12	0.0383752854914227	12	*	0
temp_vcf4_18VR003915.vcf	2316	2274	42	0.000412390420499168	0.000420007130112609	0	1985.31096438907	555.440072955336	0.000348734577379985	0.000473047672531054	0.00115968540278486	0.00568098658967845	0.0954353754570234	0.138357291845555	0.262567295342457	0.000412069842215127	10	0.0954353754570234	10	*	0
temp_vcf4_18VR003988.vcf	2316	2274	42	4.71811741923533e-05	4.80525942961698e-05	0	1983.52014450497	557.479855495038	5.50897351520277e-05	0	2.80193166627031e-05	0.00358757357828475	0.0218019457231081	0.0363365762051801	*	4.70681038927203e-05	5	0.0218019457231081	5	*	0
temp_vcf4_18VR004005.vcf	2316	2274	42	5.67293757038093e-05	5.77771478144338e-05	0	1984.84081589769	556.159184102318	5.36966789075638e-05	0.000197874838655453	0.00053171571199995	0.00729494145754895	0.0309340104758124	0.0532664395735352	0.0550025970918082	5.6706249568749e-05	7	0.0187616677144604	7	*	0
temp_vcf4_18VR004088.vcf	2316	2274	42	3.44544924778358e-05	3.50908551357378e-05	0	1983.50812159184	557.491878408166	2.39771239745776e-05	5.78264647275741e-05	0.00152475542831094	0.0287293534782445	0.00443155826173221	0.0475422664220537	0.0322257822891261	3.44421626559499e-05	18	0.00443155826173221	18	*	0
temp_vcf4_18VR004244.vcf	2316	2274	42	0	0	0	1985.00000000001	555.999999999999	0	0	0.00100755667506297	0.00899280575539571	0	*	*	0	5	0	5	*	0
temp_vcf4_18VR004249.vcf	2316	2274	42	0.000136629717455045	0.000139153221471365	0	1983.48187996457	557.518120035437	7.66475124195836e-05	0.000348314943198774	0.00155171105718745	0.0288774402538823	0.0150489360989975	0.0379975376335679	0.0485338449356678	0.000136592163395861	23	0.0137542369749919	23	*	0
temp_vcf4_18VR004315.vcf	2316	2274	42	4.51426058286961e-05	4.5976374274081e-05	0	1984.48671254581	556.513287454192	5.26837869149233e-05	0	0.000530800043911807	0.0107814137330798	0.011606278125353	0.034818834376059	*	4.51021170674339e-05	9	0.011606278125353	9	*	0
temp_vcf4_18VR004483.vcf	2316	2274	42	5.39023806407419e-05	5.48979391222331e-05	0	1983.50834085556	557.491659144442	3.88333021797126e-05	8.57622423641427e-05	0.00153213267542004	0.0287433380833891	0.00593912755713392	0.0256551646220285	0.0238780924168633	5.38521928755666e-05	21	0.00593912755713392	21	*	0
temp_vcf4_18VR004484.vcf	2316	2274	42	0.000233551684604332	0.000237865304108898	0	1983.42276513806	557.577234861948	0.00013718688554746	0.000522589906594184	0.00158322497795582	0.0289253521990162	0.0255686478562194	0.0452685592798518	0.145449448578858	0.000233147193269827	22	0.0245440408914964	22	*	0
temp_vcf4_18VR004496.vcf	2316	2274	42	7.0885785972438e-05	7.21950221249632e-05	0	1983.50000000001	557.499999999998	0	0.000294477991591331	0.00151247794302999	0.0303315075089536	0.00965309508448215	*	0.164102616436197	7.0856052001812e-05	17	0.00965309508448215	17	*	0
temp_vcf4_18VR004557.vcf	2316	2274	42	0.00020642002340728	0.000210232530435911	0	1983.15274424671	557.847255753291	0.00012812693884487	0.000401496075348945	0.00208507348544427	0.0289032071337395	0.020743917321964	0.0633649335845912	0.111825182033403	0.000206006087394288	23	0.020743917321964	23	*	0
temp_vcf4_18VR004559.vcf	2316	2274	42	0.000149265641124445	0.000152022526316717	0	1983.44460874255	557.515321571042	0.000150614707286794	0.000287197276796121	0.00158265702010447	0.0288449565202054	0.0176363873774252	0.0331709974061927	0.032001419031464	0.000149161386752973	26	0.0132868373738417	26	*	0
temp_vcf4_18VR004561.vcf	2316	2274	42	7.57858395712045e-05	7.71855780329418e-05	0	1983.15047915048	557.849520849519	0	0.000314636829264673	0.0020169926801084	0.0288556761196311	0.00974353473705973	*	0.175383625267075	7.5726953914972e-05	18	0.00974353473705973	18	*	0
temp_vcf4_18VR004562.vcf	2316	2274	42	0.000129977456991987	0.000132378096039332	0	1983.13788307115	557.86211692885	7.49337385151232e-05	0.000346634996133763	0.00205499547326932	0.0288705223519884	0.0148538455716167	0.0247408095687355	0.0965967953673854	0.000129849987503708	23	0.0130753291764604	23	*	0
temp_vcf4_18VR004563.vcf	2316	2274	42	4.54454765781562e-05	4.62848389423965e-05	0	1983.50000000001	557.499999999998	5.30636368817794e-05	0.000188792329605399	0.00154056228938155	0.0287994713919074	0.0123769930423813	0.105204440860241	0.105204440860241	4.5425060820484e-05	17	0.00618849652119065	17	*	0
temp_vcf4_18VR004622.vcf	2316	2274	42	0.00011383392105908	0.000115936394535106	0	1983.51568319315	557.484316806853	4.02978816747397e-05	0.000407559031237585	0.00153290560091337	0.0289090011870058	0.0133498398432379	0.0266367877696935	0.0378559921808985	0.000113798490477384	23	0.011459013215027	23	*	0
temp_vcf4_18VR004624.vcf	2316	2274	42	9.38966425925239e-06	9.56308813739161e-06	0	1983.50000000001	557.499999999998	1.09636815852929e-05	0	0.00151801815527552	0.0286995515695068	0.00127861795605816	0.0217365052529888	*	9.38536496243036e-06	17	0.00127861795605816	17	*	0
temp_vcf4_18VR004851.vcf	2316	2274	42	3.54494011197157e-05	3.61041393989716e-05	0	1983.50815850816	557.49184149184	2.41594673288974e-05	6.13108747021587e-05	0.00152481123483268	0.0286689109923377	0.00481089953382366	0.0477529463543449	0.0340323457206573	3.53131658354932e-05	17	0.00481089953382366	17	*	0
temp_vcf4_18VR004928.vcf	2316	2274	42	0	0	0	1984.50000000001	556.499999999998	0	0	0.000503905265810026	0.0107816711590297	0	*	*	0	6	0	6	*	0
temp_vcf4_18VR004934.vcf	2316	2274	42	0.000624603768644469	0.000636139986007295	0	1984.42294527741	556.57705472259	0.000539459311868616	0.00078221743051658	0.000814016547160883	0.0122744200864685	0.0938273587432048	0.144669891247774	0.144599153232277	0.000622677522723551	16	0.090132571414234	16	*	0
temp_vcf4_18VR004997.vcf	2316	2274	42	0	0	0	1983.50000000001	557.499999999998	0	0	0.00151247794302999	0.0286995515695068	0	*	*	0	16	0	16	*	0
temp_vcf4_18VR005017.vcf	2316	2274	42	0	0	0	1983.50000000001	557.499999999998	0	0	0.00151247794302999	0.0286995515695068	0	*	*	0	16	0	16	*	0
temp_vcf4_18VR005252.vcf	2316	2274	42	4.77511620251905e-05	4.86331096087692e-05	0	1985.24149659864	555.666666666665	2.99110042933756e-05	9.21615914616528e-05	0.00151115116480285	0.00904549017203861	0.013815501832501	0.0593502707205331	0.0511737439394746	4.77219406994852e-05	8	0.013815501832501	8	*	0
temp_vcf4_18VR005296.vcf	2316	2274	42	9.90299913553852e-06	1.00859041327648e-05	0	1985.83333333334	555.166666666665	0	4.13125415753358e-05	0.0010071338648762	0.00722593059758067	0.00382044692216199	*	0.0229226815329719	9.89753088643003e-06	6	0.00382044692216199	6	*	0
temp_vcf4_18VR005308.vcf	2316	2274	42	1.53032302450905e-05	1.55858756585882e-05	0	1983.50000000001	557.499999999998	0	6.35735986504568e-05	0.00151247794302999	0.0287319108976383	0.00208410259900958	*	0.0354297441831628	1.52978170048199e-05	17	0.00208410259900958	17	*	0
