file	product	N_diffs	S_diffs	N_diffs_vs_ref	S_diffs_vs_ref	N_sites	S_sites	piN	piS	mean_dN_vs_ref	mean_dS_vs_ref	mean_gdiv_polymorphic	mean_N_gdiv	mean_S_gdiv
temp_vcf4_18VR002051.vcf	PB1	0.0909061700447049	0	1.04666395252901	0	1713.96044084321	473.03955915679	5.30386628993502e-05	0	0.000610669842539707	0	0.0302725029917826	0.0454087544876739	*
temp_vcf4_18VR002051.vcf	PB1-F2	0	0	0	0	208.5	52.5	0	0	0	0	*	*	*
temp_vcf4_18VR002899.vcf	PB1	0.111238328816382	0.19430266819064	4.05708860759494	5.09969130259568	1715.67483502802	471.325164971984	6.48364868128202e-05	0.000412247600236218	0.00236471884110177	0.0108199003184963	0.0203021862255748	0.0554047446100162	0.0484308260408974
temp_vcf4_18VR002899.vcf	PB1-F2	0.0655081169992133	0	1.0337552742616	0	207.833333333333	53.1666666666667	0.000315195430629735	0	0.00497396282724108	0	0.0326158557211274	0.0652317114422547	*
temp_vcf4_18VR003450.vcf	PB1	0	0.174020996950314	4	5.09621353196772	1715.66666666667	471.333333333331	0	0.000369210035962479	0.00233145521663104	0.0108123342262399	0.0173912976468036	*	0.173912976468036
temp_vcf4_18VR003450.vcf	PB1-F2	0	0	1	0	207.833333333333	53.1666666666667	0	0	0.00481154771451484	0	0	*	*
temp_vcf4_18VR003775.vcf	PB1	0.118429099026252	0.0384473789515806	0.0608587097774943	2.01959183673469	1714.30784547989	472.69215452011	6.90827492497998e-05	8.13370363436929e-05	3.55004557308421e-05	0.00427253090076149	0.0261161301355718	0.0394269291591069	0.0384159933361099
temp_vcf4_18VR003775.vcf	PB1-F2	0	0	1	0	208.833333333333	52.1666666666667	0	0	0.00478850758180367	0	0	*	*
temp_vcf4_18VR003821.vcf	PB1	0.257809253804885	0.0393942958941867	0.151761517615176	2.02006688963211	1714.33333333334	472.666666666665	0.000150384554037459	8.33447726957408e-05	8.85250929118271e-05	0.00427376633913706	0.0741970844794573	0.25745991877263	0.0393284191451997
temp_vcf4_18VR003821.vcf	PB1-F2	0	0	1	0	208.833333333333	52.1666666666667	0	0	0.00478850758180367	0	0	*	*
temp_vcf4_18VR003996.vcf	PB1	0.0916417900068664	0.027299844887245	0.0306711523608802	1.98620689655172	1714.36205593349	472.685563114133	5.34553303310055e-05	5.77547676882472e-05	1.78907088235684e-05	0.00420196225894071	0.0237492989093972	0.0301493302878409	0.0272057074910821
temp_vcf4_18VR003996.vcf	PB1-F2	0	0	1	0	208.833333333333	52.1666666666667	0	0	0.00478850758180367	0	0	*	*
temp_vcf4_18VR003998.vcf	PB1	0.348587130512982	0.168728995765354	0.165450099867035	2.09023711943794	1714.33365303784	472.633687553147	0.000203336806633457	0.00035699739609945	9.65098594278039e-05	0.00442253096739512	0.028701994369781	0.0248637590737409	0.0842716358118428
temp_vcf4_18VR003998.vcf	PB1-F2	0.0283060109289617	0.0204221894943544	1.01434426229508	0.0103092783505155	208.81689763957	52.1831023604304	0.000135554216392103	0.000391356369602131	0.0048575774937807	0.000197559705808768	0.0162276677097993	0.0282770088685838	0.0204059942608141
temp_vcf4_18VR004000.vcf	PB1	0.0724222829835152	0.0635600983321542	0.0370033199985922	2.03209617817636	1714.35183499334	472.648165006665	4.22447023447767e-05	0.000134476557909112	2.15844374785156e-05	0.00429938446528764	0.0194087145050978	0.0361784132994738	0.0211680583122457
temp_vcf4_18VR004000.vcf	PB1-F2	0	0	1	0	208.833333333333	52.1666666666667	0	0	0.00478850758180367	0	0	*	*
temp_vcf4_18VR004002.vcf	PB1	0.110608889622804	0.0690201891695929	0.0562895015413428	2.03506183775681	1714.35143467144	472.648565328559	6.45193788075325e-05	0.000146028559552728	3.28342838014019e-05	0.004305655379155	0.0256206050321814	0.036817563542048	0.0344457722995629
temp_vcf4_18VR004002.vcf	PB1-F2	0	0.0410087944427335	1	0.0209150326797386	208.833333333333	52.1666666666667	0	0.000786111075579555	0.00478850758180367	0.000400927144020547	0.0204775940877441	*	0.0409551881754882
temp_vcf4_18VR004172.vcf	PB1	0.121119982456879	0.149186763230281	0.0619040578914853	2.07739311217572	1714.33725490197	472.662745098037	7.06511989461518e-05	0.000315630467553217	3.61096147881504e-05	0.00439508536206897	0.0337147276196043	0.0403383690854996	0.0495675712334453
temp_vcf4_18VR004172.vcf	PB1-F2	0	0	1	0	208.833333333333	52.1666666666667	0	0	0.00478850758180367	0	0	*	*
temp_vcf4_18VR004174.vcf	PB1	0	0	0	0	1714.33333333334	472.666666666665	0	0	0	0	*	*	*
temp_vcf4_18VR004174.vcf	PB1-F2	0	0	0	0	208.5	52.5	0	0	0	0	*	*	*
temp_vcf4_18VR004175.vcf	PB1	0.118662441469329	0.164320221076593	0.060001730842421	2.08648906048906	1714.30500186493	472.694998135075	6.9218978734963e-05	0.000347624201070216	3.50006158630741e-05	0.00441402821845141	0.0314085463815719	0.0237087363017514	0.0820666179626952
temp_vcf4_18VR004175.vcf	PB1-F2	0	0.0442788685320499	1	0.0223706609429354	208.833333333333	52.1666666666667	0	0.000848796201892329	0.00478850758180367	0.000428830561206429	0.0147469206685909	*	0.0221203810028864
temp_vcf4_18VR004235.vcf	PB1	0.439066220215973	0	0.234145392612027	2	1714.42139195639	472.578608043615	0.000256101692545342	0	0.000136574003165485	0.00423210015425713	0.0624904626042746	0.0874866476459844	*
temp_vcf4_18VR004235.vcf	PB1-F2	0	0	1	0	208.833333333333	52.1666666666667	0	0	0.00478850758180367	0	0	*	*
temp_vcf4_18VR004245.vcf	PB1	0.379688634866758	0.199861100751185	0.203717740784595	2.10867996866884	1714.27752599052	472.722474009485	0.000221486094935166	0.000422787389514243	0.000118835916411426	0.00446071444580087	0.0723317042873575	0.0947655969616389	0.0997956232261522
temp_vcf4_18VR004245.vcf	PB1-F2	0.0310489579969696	0	1.01574803149606	0	208.828083989501	52.1719160104987	0.000148681908121757	0	0.00486403941505841	0	0.0155000310000619	0.0310000620001238	*
temp_vcf4_18VR004246.vcf	PB1	0.11931404217507	0	0.0622985672365112	2	1714.33333333334	472.666666666665	6.95979246597722e-05	0	3.63398214484801e-05	0.00423131170662907	0.0298112732395812	0.0596225464791624	*
temp_vcf4_18VR004246.vcf	PB1-F2	0	0	1	0	208.833333333333	52.1666666666667	0	0	0.00478850758180367	0	0	*	*
temp_vcf4_18VR004248.vcf	PB1	0.0889740449094386	0.035273828944302	0.0280373831775701	3.01794453507341	1714.29831932774	472.649159663864	5.19011445711093e-05	7.46300468816826e-05	1.63550199294164e-05	0.00638516851954142	0.0206914415701916	0.0444517959761662	0.0352450574688172
temp_vcf4_18VR004248.vcf	PB1-F2	0.0898227513169894	0	1.04598191825098	0	208.824361065797	52.1756389342034	0.000430135405939003	0	0.00500890754753182	0	0.0299158780376885	0.0448738170565328	*
temp_vcf4_18VR004313.vcf	PB1	0	0.0776297448687447	0	2.03926895518617	1714.34398782345	472.656012176558	0	0.00016424152632961	0	0.0043144885554199	0.0154960956006508	*	0.0258268260010847
temp_vcf4_18VR004313.vcf	PB1-F2	0.0250861411399563	0	1.01268115942029	0	208.837560386473	52.1624396135266	0.000120122745609229	0	0.00484913325718912	0	0.012520347616047	0.0250406952320941	*
temp_vcf4_18VR004375.vcf	PB1	0.377154699860478	0.0469239992621288	0.138103138146439	2.02398081534772	1714.18826002808	472.638373137757	0.000220019415985442	9.92809765965662e-05	8.05647438888521e-05	0.00428230319495833	0.0470084323219807	0.0627107365353109	0.0468114716859604
temp_vcf4_18VR004375.vcf	PB1-F2	0	0.0390109008308334	1	0.0198511166253102	208.833333333333	52.1666666666667	0	0.000747812795479235	0.00478850758180367	0.000380532587066649	0.0194570497940385	*	0.038914099588077
temp_vcf4_18VR004380.vcf	PB1	0	0	0	1	1714.33333333334	472.666666666665	0	0	0	0.00211565585331454	0	*	*
temp_vcf4_18VR004380.vcf	PB1-F2	0	0	1	0	208.833333333333	52.1666666666667	0	0	0.00478850758180367	0	0	*	*
temp_vcf4_18VR004487.vcf	PB1	0.143346700300531	0	5.04400440044004	0	1716.25660771206	470.651998533185	8.35228832660559e-05	0	0.00293895701713522	0	0.0204584306193249	0.071604507167637	*
temp_vcf4_18VR004487.vcf	PB1-F2	0.0591180131146323	0	0.0304645849200305	0	208.52030972328	52.47969027672	0.000283512014695766	0	0.000146098885813372	0	0.0590729879713614	0.0590729879713614	*
temp_vcf4_18VR004556.vcf	PB1	0.420323889128423	0.131126856772626	0.21557939874194	2.06701008490938	1714.31469945975	472.685300540251	0.000245184789736029	0.000277408365825541	0.000125752523040185	0.00437290959237978	0.0393571881991755	0.0466658840996769	0.043669225963788
temp_vcf4_18VR004556.vcf	PB1-F2	0.0426345387799734	0	1.02177419354839	0	208.862365591398	52.1376344086022	0.000204127434156235	0	0.00489209336806664	0	0.0213000780437045	0.042600156087409	*
temp_vcf4_18VR004638.vcf	PB1	0.290124491175622	0.034833364714743	0.148223812894161	2.01769911504425	1714.33799895307	472.662001046931	0.000169234124981654	7.36961393926066e-05	8.64612538394876e-05	0.00426879907962796	0.0324489898744775	0.0413883122861398	*
temp_vcf4_18VR004638.vcf	PB1-F2	0.0416007663005948	0	1.02122641509434	0	208.822720125786	52.1772798742138	0.00019921570926543	0	0.00489039896846088	0	0.0207758543965825	0.0415517087931649	*
temp_vcf4_18VR004659.vcf	PB1	0	0	0	2	1714.33333333334	472.666666666665	0	0	0	0.00423131170662907	0	*	*
temp_vcf4_18VR004659.vcf	PB1-F2	0	0	1	0	208.833333333333	52.1666666666667	0	0	0.00478850758180367	0	0	*	*
temp_vcf4_18VR004845.vcf	PB1	0.0548895691386064	0	0.0282051282051282	2	1714.34273504274	472.657264957263	3.2017850349649e-05	0	1.64524442100109e-05	0.00423139587239992	0.0182730659653737	0.054819197896121	*
temp_vcf4_18VR004845.vcf	PB1-F2	0	0	1	0	208.833333333333	52.1666666666667	0	0	0.00478850758180367	0	0	*	*
temp_vcf4_18VR004864.vcf	PB1	0.0247732661104236	0	0.0125376128385155	2	1714.33333333334	472.666666666665	1.44506704902334e-05	0	7.31340433901352e-06	0.00423131170662907	0.00825361406855133	0.024760842205654	*
temp_vcf4_18VR004864.vcf	PB1-F2	0	0	1	0	208.833333333333	52.1666666666667	0	0	0.00478850758180367	0	0	*	*
