file	product	N_diffs	S_diffs	N_diffs_vs_ref	S_diffs_vs_ref	N_sites	S_sites	piN	piS	mean_dN_vs_ref	mean_dS_vs_ref	mean_gdiv_polymorphic	mean_N_gdiv	mean_S_gdiv
temp_vcf4_18VR001131.vcf	PB1	0	0.664867045148777	0	5.82938833570412	1759.50000000001	496.499999999998	0	0.00133910784521406	0	0.0117409634153155	0.0829360647748871	*	0.221162839399699
temp_vcf4_18VR001132.vcf	PB1	0	0	2	5	1760.16666666667	495.833333333332	0	0	0.00113625603636019	0.0100840336134454	0	*	*
temp_vcf4_18VR001736.vcf	PB1	0.0215217747006977	0.405104550424294	0.0108768035516093	5.28207803046109	1759.3119479797	496.688052020306	1.22330634572295e-05	0.000815611627411831	6.18241896447056e-06	0.0106345985351891	0.0609338611109688	0.021516997392218	0.405020030384564
temp_vcf4_18VR001742.vcf	PB1	0	0.0263661190033536	2	5.01335207308503	1760.16666666667	495.833333333332	0	5.31753660571839e-05	0.00113625603636019	0.0101109621642051	0.00329344880734089	*	0.0263475904587271
temp_vcf4_18VR002048.vcf	PB1	0	0	2	14	1759.50000000001	496.499999999998	0	0	0.00113668655868144	0.028197381671702	0	*	*
temp_vcf4_18VR002388.vcf	PB1	0.0408001155401502	0.224626144919587	3.02079722703639	5.11669598518002	1760.16666666667	495.833333333332	2.31796887833444e-05	0.000453027519165555	0.00171619954192011	0.0103193868608673	0.0220805653189792	0.0407294047679836	0.0747457930199224
temp_vcf4_18VR002752.vcf	PB1	0.120449410533444	0.176892034883024	2.0643137254902	14.0918496081123	1759.5214379085	496.478562091501	6.84557789057798e-05	0.000356293399936215	0.00117322453765837	0.0283836013960965	0.0148576278560447	0.120354940407536	0.0589325389044525
temp_vcf4_18VR002834.vcf	PB1	0	0	0	8	1759.00000000001	496.999999999998	0	0	0	0.0160965794768612	0	*	*
temp_vcf4_18VR002905.vcf	PB1	0.489072145339212	0.0273925697654511	3.11046789209835	5.01386748844376	1759.91351297218	495.795888737221	0.000277895556647699	5.52496912292259e-05	0.0017673981529043	0.0101127653583694	0.0468058264805751	0.162504576290094	0.0273503624160436
temp_vcf4_18VR003297.vcf	PB1	0	0	0	8	1759.00000000001	496.999999999998	0	0	0	0.0160965794768612	0	*	*
temp_vcf4_18VR003323.vcf	PB1	0.0307618502558578	0.0211109139619438	0.0156207918125505	9.01066580478345	1759.00000000001	496.999999999998	1.74882605206695e-05	4.2476688052201e-05	8.88049562964778e-06	0.0181301122832666	0.0047143323759041	0.0307535653513988	0.0211040907835462
temp_vcf4_18VR003908.vcf	PB1	0.112255480190583	0.275214925389597	0.0577163177038054	8.15351285608407	1759.03847754514	496.961522454862	6.38163869770737e-05	0.000553795239579326	3.28112877805564e-05	0.0164067286654464	0.0322237370858584	0.0560317832541544	0.137310639260996
temp_vcf4_18VR004171.vcf	PB1	0.151140250731336	0	0.0767176053029135	9	1758.99480208922	497.005197910786	8.59242168037233e-05	0	4.36144582188608e-05	0.0181084625227914	0.0107913588819039	0.030215804869331	*
temp_vcf4_18VR004742.vcf	PB1	0.085222448643014	0.0681918164029862	1.04328647864934	5.0347064918827	1759.16505052205	496.834949477951	4.84448281971741e-05	0.000137252454712855	0.000593057756769172	0.0101335594389503	0.0139440130569089	0.0284019469358418	0.0340891514092362
temp_vcf4_18VR005254.vcf	PB1	0	0	0	5	1759.33333333334	496.666666666665	0	0	0	0.0100671140939598	0	*	*
temp_vcf4_18VR005361.vcf	PB1	0.342787418166334	0.0261151601807176	1.17933866652638	5.01322001888574	1758.9607185031	497.039281496907	0.000194880655696536	5.25414411956898e-05	0.000670474703681849	0.0100861646262398	0.0306903251804574	0.0684386804385371	0.026090499972804
temp_vcf4_18VR005582.vcf	PB1	0.0622256105082229	0	0.0316318912334473	5	1759.32257325108	496.677426748921	3.536907412791e-05	0	1.79795858442231e-05	0.0100668959987336	0.00888652742523788	0.0311028459883326	*
temp_vcf4_18VR005586.vcf	PB1	0	0	3	5	1760.16666666667	495.833333333332	0	0	0.00170438405454028	0.0100840336134454	0	*	*
temp_vcf4_18VR005798.vcf	PB1	0	0	0	5	1759.50000000001	496.499999999998	0	0	0	0.0100704934541793	0	*	*
temp_vcf4_18VR005799.vcf	PB1	0	0	0	8	1759.50000000001	496.499999999998	0	0	0	0.0161127895266869	0	*	*
temp_vcf4_18VR006000.vcf	PB1	0.357689830313481	0	0.187368213074559	4	1759.19552888057	496.80447111943	0.000203325795479419	0	0.00010650789522742	0.00805145732885004	0.0445420389437888	0.0890840778875776	*
temp_vcf4_18VR006054.vcf	PB1	0.135597279683065	0.0289276609170017	0.0415984931623134	7.01467631684761	1759.11337063672	496.802928038512	7.70827406274474e-05	5.82276377299435e-05	2.36474202610697e-05	0.0141196356159637	0.014951592886067	0.045181892201315	0.0289218451427922
temp_vcf4_18VR006201.vcf	PB1	0	0	1	7	1759.66666666667	496.333333333332	0	0	0.000568289448759233	0.0141034251175286	0	*	*
temp_vcf4_18VR006202.vcf	PB1	0	0	1	7	1759.66666666667	496.333333333332	0	0	0.000568289448759233	0.0141034251175286	0	*	*
temp_vcf4_18VR006203.vcf	PB1	0	0	1	7	1759.66666666667	496.333333333332	0	0	0.000568289448759233	0.0141034251175286	0	*	*
temp_vcf4_18VR006427.vcf	PB1	0	0	1	7	1759.66666666667	496.333333333332	0	0	0.000568289448759233	0.0141034251175286	0	*	*
temp_vcf4_18VR007098.vcf	PB1	0	0	0	5	1759.33333333334	496.666666666665	0	0	0	0.0100671140939598	0	*	*
temp_vcf4_18VR007188.vcf	PB1	0	0	0	5	1759.33333333334	496.666666666665	0	0	0	0.0100671140939598	0	*	*
