file	sites	sites_coding	sites_noncoding	pi	pi_coding	pi_noncoding	N_sites	S_sites	piN	piS	mean_dN_vs_ref	mean_dS_vs_ref	mean_gdiv_polymorphic	mean_N_gdiv	mean_S_gdiv	mean_gdiv	sites_polymorphic	mean_gdiv_coding_poly	sites_coding_poly	mean_gdiv_noncoding_poly	sites_noncoding_poly
temp_vcf4_17VR013816.vcf	865	838	27	0.000232733235042891	0.000240231799895109	0	819.82910723719	233.170892762811	3.05854438417207e-05	0.000755837956893559	1.54645502570498e-05	0.00470628391069769	0.0669369073785797	0.0250350988670411	0.175775623268698	0.000232151123856346	3	0.0669369073785797	3	*	0
temp_vcf4_17VR013817.vcf	865	838	27	7.02809898625362e-05	7.25454131635965e-05	0	819.837547538288	233.162452461713	7.41525640215383e-05	0	3.7634938147477e-05	0.00428885521421683	0.0202420170884202	0.0303630256326303	*	7.02035274742896e-05	3	0.0202420170884202	3	*	0
temp_vcf4_17VR013818.vcf	865	838	27	0.000126916171476939	0.000131005355999466	0	819.822580645162	233.177419354839	0	0.000470810975742426	0	0.00453187336467335	0.0365479388189046	*	0.0548219082283569	0.000126755857175392	3	0.0365479388189046	3	*	0
temp_vcf4_17VR013863.vcf	865	838	27	0	0	0	819.833333333334	233.166666666667	0	0	0	0	*	*	*	0	0	*	0	*	0
temp_vcf4_17VR013864.vcf	865	838	27	0	0	0	819.833333333334	233.166666666667	0	0	0	0.00428877769835597	0	*	*	0	1	0	1	*	0
temp_vcf4_17VR014028.vcf	865	838	27	0.000156459026665916	0.00016150006929119	0	819.806076093129	233.193923906871	0.000132660103045514	0.000113988817070465	6.8621796289756e-05	0.00434601328932396	0.0338156346456733	0.054348653398051	0.0265652317865912	0.000156372876974212	4	0.0338156346456733	4	*	0
temp_vcf4_17VR014029.vcf	865	838	27	0	0	0	819.833333333334	233.166666666667	0	0	0	0.00428877769835597	0	*	*	0	1	0	1	*	0
temp_vcf4_17VR014030.vcf	865	838	27	0.000129482627054319	0.000133654501673014	0	819.81826585695	233.18173414305	0.000136618659362158	0	7.01498415595497e-05	0.00428850057091749	0.0372147603905435	0.0558221405858152	*	0.000129068533146394	3	0.0372147603905435	3	*	0
temp_vcf4_17VR014031.vcf	865	838	27	0.000115147374677808	0.000118857373623274	0	819.822740112995	233.177259887006	0.000121492701071668	0.000121983286112247	6.17776618303199e-05	0.00435044485541144	0.0319947558586595	0.0331818508039668	0.0284334710227374	0.000115081563481966	4	0.0248863881029751	4	*	0
temp_vcf4_17VR014077.vcf	865	838	27	0.000747481201756938	0.000771564724963904	0	819.845994293705	233.154005706296	0.000597002994994217	0.00103203037795362	0.000320124541901408	0.00368965773852205	0.104213562360378	0.0611334104243884	0.240427653127536	0.000746880841549886	7	0.0922931325629502	7	*	0
temp_vcf4_17VR014149.vcf	865	838	27	3.12535257431566e-05	3.22605009162654e-05	0	819.833333333334	233.166666666667	0	0.000115944101934941	0.00121976011384428	0.0043475280777855	0.00900731844623759	*	0.0270219553387128	3.12392547268356e-05	3	0.00900731844623759	3	*	0
temp_vcf4_17VR014170.vcf	865	838	27	0.000732261549246407	0.000755854701787759	0	819.833333333334	233.166666666667	0.00041812576036501	0.00271653855653242	0.000267819911230882	0.00594855842581869	0.243989588273559	0.342715439641438	0.211080971150933	0.000732072732315373	4	0.158310728363199	4	*	0
temp_vcf4_17VR014171.vcf	865	838	27	0.000171321674155574	0.000176841584898056	0	819.820814515982	233.179185484019	0.000282183573246803	0	0.00014636542965185	0.00428854744442246	0.0578124929861643	0.0578124929861643	*	0.000171254590103031	4	0.0370338051097805	4	*	0
temp_vcf4_17VR014172.vcf	865	838	27	0.000125508674515631	0.000129552510090717	0	819.825108132661	233.174891867339	0.000132424589560696	0	6.75024184358423e-05	0.00428862641252529	0.0271209515708154	0.0361612687610872	*	0.000125414804951748	4	0.0271209515708154	4	*	0
temp_vcf4_17VR014174.vcf	865	838	27	0.000200903010883795	0.000207376019587689	0	819.891970708323	233.108029291678	0.000106253014606183	0.000371780891197357	5.56473155340266e-05	0.00448099525721631	0.0434299444973595	0.087086331981949	0.0433167230037446	0.000200832113282587	4	0.0434299444973595	4	*	0
temp_vcf4_17VR014176.vcf	865	838	27	0.000181634242591601	0.000187486419858872	0	819.840605002909	233.159394997091	2.63300932842785e-05	0.000581263904186489	1.33044207574508e-05	0.00458958486553042	0.0314074787110212	0.0215770614231456	0.0451534440439868	0.000181546119716886	5	0.0314074787110212	5	*	0
temp_vcf4_17VR014177.vcf	865	838	27	0.000145559924555279	0.00015024980279274	0	819.849002051856	233.150997948144	3.23319653179026e-05	0.000540033436907356	1.63814679638211e-05	0.0045715863111283	0.0507930557800774	0.0264999127880303	0.0629396272761009	0.000145525149771332	3	0.0419597515174006	3	*	0
temp_vcf4_17VR014303.vcf	865	838	27	0	0	0	819.833333333334	233.166666666667	0	0	0	0.00428877769835597	0	*	*	0	1	0	1	*	0
temp_vcf4_17VR014305.vcf	865	838	27	6.16829676711028e-05	6.36703663908162e-05	0	819.851615193469	233.148384806532	0	0.000228848967063525	0	0.00440673346742207	0.0266707807798612	*	0.0533415615597224	6.16665451557485e-05	2	0.0266707807798612	2	*	0
temp_vcf4_17VR014310.vcf	865	838	27	0	0	0	819.833333333334	233.166666666667	0	0	0	0.00428877769835597	0	*	*	0	1	0	1	*	0
temp_vcf4_17VR014358.vcf	865	838	27	4.96845258450302e-05	5.12853399235694e-05	0	819.824963463744	233.141460710851	5.24223057009312e-05	9.49884980344788e-05	1.28204323836442e-05	0.00433724631697325	0.02168893610702	0.0214667219199245	0.0221333644812109	4.96340391212127e-05	3	0.0143111479466163	3	*	0
temp_vcf4_17VR014360.vcf	865	838	27	0	0	0	819.833333333334	233.166666666667	0	0	0	0.00428877769835597	0	*	*	0	1	0	1	*	0
temp_vcf4_17VR014361.vcf	865	838	27	0.000182543415578993	0.000188424886009343	0	819.818889903912	233.181110096088	0.000105273891745676	0.000307034001937473	5.39998627322638e-05	0.00444372978419016	0.0262887991758321	0.0431110721882123	0.0238368835595227	0.000182350052086697	6	0.0262887991758321	6	*	0
temp_vcf4_17VR014363.vcf	865	838	27	2.7807943178285e-05	2.87039031613562e-05	0	819.841448189763	233.158551810237	2.93396618362346e-05	0	1.4847120343905e-05	0.00428892696508888	0.0120241201307354	0.0240482402614708	*	2.78014338282899e-05	2	0.0120241201307354	2	*	0
temp_vcf4_17VR014364.vcf	865	838	27	4.42561996350928e-05	4.56821153751256e-05	0	819.820325203252	233.179674796748	4.66951251481407e-05	0	2.38005749822239e-05	0.00428853844517818	0.0191314693634741	0.0382629387269482	*	4.42346112450269e-05	2	0.0191314693634741	2	*	0
temp_vcf4_17VR014365.vcf	865	838	27	0	0	0	819.833333333334	233.166666666667	0	0	0	0.00428877769835597	0	*	*	0	1	0	1	*	0
temp_vcf4_17VR014366.vcf	865	838	27	2.41663031063339e-05	2.49449310107146e-05	0	819.826299335678	233.173700664322	2.54979038900285e-05	0	1.28697950914125e-05	0.00428864832162013	0.0104396729562168	0.0208793459124337	*	2.41379721531026e-05	2	0.0104396729562169	2	*	0
temp_vcf4_17VR014367.vcf	865	838	27	0.000890686150213461	0.000919383675339671	0	819.677486709356	233.322513290644	0.0012484932876172	0.000131256606040615	0.000813719953091846	0.00435256128922083	0.175620997927311	0.146158363942974	0.0306174399630503	0.00089046600546607	6	0.128375515788025	6	*	0
temp_vcf4_17VR014370.vcf	865	838	27	8.2052707883992e-05	8.46964108826409e-05	0	819.876307412461	233.12369258754	0.000173137317612343	0	8.9854834522893e-05	0.0042895682926972	0.0709562265373012	0.0709562265373012	*	8.20303196963019e-05	2	0.0354781132686506	2	*	0
temp_vcf4_17VR014371.vcf	865	838	27	0	0	0	819.833333333334	233.166666666667	0	0	0	0.00428877769835597	0	*	*	0	1	0	1	*	0
temp_vcf4_17VR014380.vcf	865	838	27	0	0	0	819.833333333334	233.166666666667	0	0	0	0.00428877769835597	0	*	*	0	1	0	1	*	0
temp_vcf4_17VR014484.vcf	865	838	27	0.000274436747712491	0.000283278981827333	0	819.731689088192	233.153961136024	0.000182503014357991	0.00037650778961773	4.82450820497867e-05	0.00448616458155564	0.059250883678625	0.0746476938554156	0.0877081470036687	0.000273992525681503	4	0.059250883678625	4	*	0
temp_vcf4_17VR014490.vcf	865	838	27	3.41585763946e-05	3.52591510517053e-05	0	819.843329253366	233.156670746634	7.20800365802518e-05	0	3.65774276961296e-05	0.00428896156733459	0.0295381272200741	0.0295381272200741	*	3.41481239538429e-05	2	0.014769063610037	2	*	0
temp_vcf4_17VR014505.vcf	865	838	27	2.46029103638423e-05	2.53956055664959e-05	0	819.666666666667	233.333333333333	2.59636243977921e-05	0	1.31183670256726e-05	0.00857142857142857	0.00709137857941185	0.0212741357382356	*	2.45943765759949e-05	3	0.00709137857941185	3	*	0
temp_vcf4_17VR014509.vcf	865	838	27	4.76984583412785e-05	0	0.00152811727648911	819.833333333334	233.166666666667	0	0	0	0.00428877769835597	0	*	*	4.76072567000907e-05	2	0	1	0.0411802770455784	1
temp_vcf4_17VR014538.vcf	865	838	27	0.0002022984703523	0.000208816440160787	0	819.782232712603	233.186228178902	0.000213456903397034	0	9.71067204805814e-05	0.00428841792163125	0.0349863635992656	0.043732954499082	*	0.000202233315602692	5	0.0349863635992656	5	*	0
temp_vcf4_17VR014540.vcf	865	838	27	2.32270948044208e-05	2.39754618207924e-05	0	819.833333333334	233.166666666667	0	8.61677069585017e-05	0	0.00433229290388435	0.010043348111571	*	0.0200866962231421	2.32216141308001e-05	2	0.010043348111571	2	*	0
temp_vcf4_17VR014542.vcf	865	838	27	5.67922716214381e-05	5.86220942154463e-05	0	819.84257654535	233.157423454651	5.99204241862482e-05	0.00011738372222728	3.03153675160461e-05	0.00434841320084094	0.0254756148782195	0.0245408374719118	0.0273451696908349	5.67418207443048e-05	3	0.0163605583146079	3	*	0
temp_vcf4_17VR014558.vcf	865	838	27	2.90838576614365e-05	3.00209270610293e-05	0	819.820596672404	233.179403327596	6.13732735655954e-05	0	3.10718246922052e-05	0.00428854343792573	0.0251488767956014	0.0251488767956014	*	2.90738460064756e-05	2	0.0125744383978007	2	*	0
temp_vcf4_17VR014572.vcf	865	838	27	0.000133837290453336	0.000138149470456009	0	819.843609952094	233.156390047906	0.000141208951118006	0	7.5209115269373e-05	0.00428896673084762	0.0578577924103022	0.115715584820604	*	0.000133775242567173	2	0.0578577924103022	2	*	0
temp_vcf4_17VR014625.vcf	865	838	27	2.67172615634978e-05	2.75780802534912e-05	0	820.325540530216	232.674459469784	2.81722683381139e-05	0	0.00123327771072662	0.00859570063924325	0.00577628358486598	0.0231051343394639	*	2.67111379646982e-05	4	0.00577628358486598	4	*	0
temp_vcf4_17VR014650.vcf	865	838	27	0	0	0	819.833333333334	233.166666666667	0	0	0	0.00428877769835597	0	*	*	0	1	0	1	*	0
temp_vcf4_17VR014747.vcf	865	838	27	0	0	0	819.833333333334	233.166666666667	0	0	0.00121976011384428	0.0128663330950679	0	*	*	0	3	0	3	*	0
temp_vcf4_17VR014815.vcf	865	838	27	0.000551441512151117	0.000569208720776511	0	819.770162350621	233.229837649379	0.000701093612424908	0.00121036626611631	0.000392710445762129	0.0093035508014899	0.122252321629522	0.095623939792977	0.282022612648789	0.000550636075629314	7	0.0680428864884795	7	*	0
temp_vcf4_17VR014817.vcf	865	838	27	0	0	0	820.5	232.5	0	0	0	0.0086021505376344	0	*	*	0	2	0	2	*	0
temp_vcf4_17VR014818.vcf	865	838	27	0.000115134218478241	0.000118843793536609	0	820.535029846057	232.464970153943	0.0002427467331952	0	0.000128074407976528	0.00860344678458677	0.0663784217699885	0.0995676326549828	*	0.000115107089774547	3	0.0331892108849943	3	*	0
temp_vcf4_17VR014826.vcf	865	838	27	0.000117749824955684	0.000121543673731106	0	819.833333333334	233.166666666667	0.000124236957007522	0	6.41542577705216e-05	0.00428877769835597	0.0338671006965411	0.0508006510448116	*	0.000117458152704767	3	0.0338671006965411	3	*	0
temp_vcf4_17VR014827.vcf	865	838	27	0	0	0	819.833333333334	233.166666666667	0	0	0	0.00428877769835597	0	*	*	0	1	0	1	*	0
temp_vcf4_17VR014828.vcf	865	838	27	0.000264083898092654	0.000272592567840269	0	819.866200637724	233.133799362276	0.00027862176983569	0	0.0001519410349883	0.00428938233210045	0.0761163811684489	0.114174571752673	*	0.000263987449139129	3	0.0761163811684489	3	*	0
temp_vcf4_17VR014893.vcf	865	838	27	4.1820455232297e-05	4.31678923340536e-05	0	819.857884796979	233.142115203022	8.82462544954236e-05	0	4.49189989513141e-05	0.00428922933606051	0.0361490743044244	0.0361490743044244	*	4.17908373461553e-05	2	0.0180745371522122	2	*	0
temp_vcf4_17VR014896.vcf	865	838	27	0	0	0	819.833333333334	233.166666666667	0	0	0	0.00428877769835597	0	*	*	0	1	0	1	*	0
temp_vcf4_17VR014897.vcf	865	838	27	0	0	0	819.833333333334	233.166666666667	0	0	0	0.00428877769835597	0	*	*	0	1	0	1	*	0
temp_vcf4_17VR014904.vcf	865	838	27	0	0	0	819.833333333334	233.166666666667	0	0	0	0.00428877769835597	0	*	*	0	1	0	1	*	0
temp_vcf4_17VR015004.vcf	865	838	27	0.000307323127155539	0.000317224946288235	0	819.833333333334	233.166666666667	0	0.00114010509645264	0.00121976011384428	0.0135397775270411	0.0661840038248754	*	0.264736015299502	0.000306053196878036	4	0.0661840038248754	4	*	0
temp_vcf4_17VR015006.vcf	865	838	27	0	0	0	819.833333333334	233.166666666667	0	0	0.00121976011384428	0.0128663330950679	0	*	*	0	3	0	3	*	0
temp_vcf4_17VR015078.vcf	865	838	27	0	0	0	819.833333333334	233.166666666667	0	0	0	0.00428877769835597	0	*	*	0	1	0	1	*	0
temp_vcf4_17VR015079.vcf	865	838	27	0	0	0	819.833333333334	233.166666666667	0	0	0	0.00428877769835597	0	*	*	0	1	0	1	*	0
temp_vcf4_17VR015086.vcf	865	838	27	0	0	0	819.833333333334	233.166666666667	0	0	0	0.00428877769835597	0	*	*	0	1	0	1	*	0
temp_vcf4_17VR015088.vcf	865	838	27	3.7834601594509e-05	3.90536162043559e-05	0	819.830561056106	233.169438943895	3.9919139312264e-05	0	2.02891477293907e-05	0.00857745341352921	0.0109046564062347	0.0327139692187042	*	3.78196175938776e-05	3	0.0109046564062347	3	*	0
temp_vcf4_17VR015092.vcf	865	838	27	0.0008411726297777	0.000868274850546194	0	820.022112670397	232.977887329603	0.000945397387224291	0	0.000617501012776483	0.00858450569246737	0.129123943512291	0.15494873221475	*	0.000840615439827122	6	0.12118872590841	6	*	0
temp_vcf4_18VR001031.vcf	865	838	27	0	0	0	819.833333333334	233.166666666667	0	0	0	0.00428877769835597	0	*	*	0	1	0	1	*	0
temp_vcf4_18VR001129.vcf	865	838	27	0.00039463495531217	0.000407349924039411	0	819.756739462149	233.243260537851	0.000416415285062488	0.000364025235309899	0.000215459744122959	0.00447767031110859	0.0608347761233491	0.0568351493332898	0.0848325368637048	0.000394232249710681	7	0.048715842285677	7	*	0
temp_vcf4_18VR001154.vcf	865	838	27	0	0	0	819.833333333334	233.166666666667	0	0	0	0.00428877769835597	0	*	*	0	1	0	1	*	0
temp_vcf4_18VR001337.vcf	865	838	27	5.74973517794626e-05	5.93498917532639e-05	0	819.816324414022	233.183675585978	6.06662831760324e-05	0.000213287697624	3.11208476914087e-05	0.00439787809498224	0.0497248929214091	0.0497248929214091	0.0497248929214091	5.74854253426695e-05	2	0.0248624464607046	2	*	0
temp_vcf4_18VR001443.vcf	865	838	27	0	0	0	819.833333333334	233.166666666667	0	0	0	0.00428877769835597	0	*	*	0	1	0	1	*	0
temp_vcf4_18VR001447.vcf	865	838	27	7.83517383836912e-05	8.08761977349557e-05	0	819.839596528615	233.160403471386	3.44902466967698e-05	0.000169401764526831	1.74934066375177e-05	0.00437531895773399	0.0225874439283495	0.0282722011453009	0.0394901306397477	7.83379558208655e-05	3	0.0225874439283495	3	*	0
temp_vcf4_18VR001520.vcf	865	838	27	4.23323109947803e-05	4.36962398693138e-05	0	819.851985699853	233.148014300148	4.46634876162764e-05	0	2.27508950936794e-05	0.0085782416204723	0.0122029704948286	0.0366089114844859	*	4.2322441022527e-05	3	0.0122029704948286	3	*	0
temp_vcf4_18VR001527.vcf	865	838	27	0	0	0	819.833333333334	233.166666666667	0	0	0	0.00428877769835597	0	*	*	0	1	0	1	*	0
temp_vcf4_18VR001531.vcf	865	838	27	2.72879349385027e-05	2.81671404794807e-05	0	819.825371883512	233.174628116489	2.87915750491785e-05	0	1.4566729870089e-05	0.0042886312635199	0.0117995591955219	0.0235991183910438	*	2.72822177931143e-05	2	0.0117995591955219	2	*	0
temp_vcf4_18VR001685.vcf	865	838	27	0.000181329401122511	0.000187171756528607	0	819.844906570223	233.155093429777	4.16290015067325e-05	0.000672727881101226	2.11745602069578e-05	0.00893385789962208	0.0477131606836833	0.0341169815146056	0.0783678306100638	0.00018119729620824	4	0.0391839153050319	4	*	0
temp_vcf4_18VR001710.vcf	865	838	27	0.000388772258805821	0.000401298333970209	0	819.919366457883	233.080633542117	0.000626949411068165	0.00026116561173006	0.000360476433891355	0.00871547646456202	0.114926183516845	0.171262129346164	0.0608445295457334	0.000388575707069118	5	0.0672235973229574	5	*	0
temp_vcf4_18VR001885.vcf	865	838	27	0.000153014551014915	0.000157944614114441	0	819.825809414139	233.174190585862	7.99955286540496e-05	0.000286374694522611	4.06934820577658e-05	0.00443424740317171	0.0264563776095992	0.0327720033818535	0.0333689406421446	0.000152927038205776	5	0.0264563776095992	5	*	0
temp_vcf4_18VR001887.vcf	865	838	27	0	0	0	820.5	232.5	0	0	0	0.0129032258064516	0	*	*	0	3	0	3	*	0
temp_vcf4_18VR001888.vcf	865	838	27	0.00029996477982027	0.000309629516162928	0	819.867817598306	233.132182401694	0.000419599315922019	0	0.000220170187013708	0.00857882416488487	0.0687740791990528	0.085967598998816	*	0.000299831613473044	5	0.0518708691308366	5	*	0
temp_vcf4_18VR001890.vcf	865	838	27	0.00016370246278713	0.000168976885812491	0	819.833333333334	233.166666666667	0.000172721240468633	0	9.34923359697956e-05	0.00857755539671193	0.0471821313863456	0.141546394159037	*	0.00016363744989484	3	0.0471821313863456	3	*	0
temp_vcf4_18VR001891.vcf	865	838	27	0.000182067163747972	0.000187933289548921	0	819.798372723525	233.201627276475	0.000129168309880198	0.000221251142186889	6.70247865418384e-05	0.00868835969981814	0.0262067324463876	0.0528407758313812	0.0257794215077816	0.00018178080309633	6	0.0262067324463876	6	*	0
temp_vcf4_18VR001894.vcf	865	838	27	0	0	0	819.833333333334	233.166666666667	0	0	0	0.00428877769835597	0	*	*	0	1	0	1	*	0
temp_vcf4_18VR001966.vcf	865	838	27	7.31438212401238e-05	7.5500483738314e-05	0	819.838693607601	233.161306392399	0.000154345985048102	0	7.84584720327227e-05	0.00857775259087843	0.0316092650510357	0.0316092650510357	*	7.30850058983484e-05	4	0.0158046325255178	4	*	0
temp_vcf4_18VR002043.vcf	865	838	27	0	0	0	819.833333333334	233.166666666667	0	0	0	0.00857755539671193	0	*	*	0	2	0	2	*	0
temp_vcf4_18VR002046.vcf	865	838	27	0	0	0	819.833333333334	233.166666666667	0	0	0	0.00428877769835597	0	*	*	0	1	0	1	*	0
temp_vcf4_18VR002052.vcf	865	838	27	0.000168465738964738	0.000173893632702265	0	819.843534613258	233.12584306208	0.000177744725733843	0.000200719359181628	7.89136218540053e-05	0.00439105261105397	0.0384897480879194	0.0364183058585989	0.0233877585026008	0.000168408350791209	5	0.0291346446868791	5	*	0
temp_vcf4_18VR002057.vcf	865	838	27	2.84095366481627e-05	2.93248797143923e-05	0	820.5	232.5	2.99503341872769e-05	0	1.51399881151093e-05	0.0129032258064516	0.00613402260715251	0.02453609042861	*	2.83654224608209e-05	4	0.00613402260715251	4	*	0
temp_vcf4_18VR002075.vcf	865	838	27	7.96882959648192e-05	8.22558186271701e-05	0	819.806490801805	233.163311350226	2.43181434614043e-05	0.000210128273920709	0	0.0086853944291101	0.0172245859439102	0.0199292519747507	0.0489690918008903	7.96512644805098e-05	4	0.0172245859439102	4	*	0
temp_vcf4_18VR002079.vcf	865	838	27	0.000216269158396151	0.000223237257771684	0	819.836968488814	233.163031511186	0.000232813946372595	0.000121046836914921	0.000119619002100072	0.00863906461203261	0.036498043921605	0.0476942138255913	0.0282114082272649	0.00021617022822773	6	0.0311645412361645	6	*	0
temp_vcf4_18VR002160.vcf	865	838	27	0	0	0	819.833333333334	233.166666666667	0	0	0	0.00857755539671193	0	*	*	0	2	0	2	*	0
temp_vcf4_18VR002212.vcf	865	838	27	0	0	0	820.833333333334	232.166666666667	0	0	0.00121827411167513	0.00861450107681263	0	*	*	0	3	0	3	*	0
temp_vcf4_18VR002213.vcf	865	838	27	3.01573265891173e-05	3.11289826964039e-05	0	819.831131296449	233.168868703551	3.18188545223147e-05	0	1.61157838490636e-05	0.0128662115859651	0.0065188292564512	0.0260753170258048	*	3.01448751743407e-05	4	0.00651882925645119	4	*	0
temp_vcf4_18VR002214.vcf	865	838	27	4.00461010146993e-05	4.13363691858173e-05	0	819.833333333334	233.166666666667	4.22523407737933e-05	0.000148562733571329	2.14985548822275e-05	0.0129419237966159	0.0173145831110316	0.0346291662220632	0.0346291662220632	4.00337181757957e-05	4	0.00865729155551581	4	*	0
temp_vcf4_18VR002369.vcf	865	838	27	4.53216037583769e-05	4.67818463615704e-05	0	820.486719787517	232.513280212484	0	0.000168606228492282	0	0.0128168149301044	0.0130156664179934	*	0.0390469992539801	4.5141039599977e-05	3	0.0130156664179934	3	*	0
temp_vcf4_18VR002372.vcf	865	838	27	0.000462473174515084	0.000477373861522133	0	820.86365695546	232.136343044541	0.00060989255226653	0.000341522351593287	0.00154487452673031	0.0130985025929467	0.0579452367434003	0.083369716177808	0.0396170351835775	0.000462128543550487	10	0.0399741190171172	10	*	0
temp_vcf4_18VR002389.vcf	865	838	27	0.000123150432148669	0.000127118286167778	0	820.835808408283	232.164191591717	7.39904120828218e-05	0.000394472065465301	0.00125583778540965	0.00881646525015544	0.0253765917096986	0.030360530197217	0.0457692449318787	0.000123110179567992	6	0.0177483842210521	6	*	0
temp_vcf4_18VR002588.vcf	865	838	27	6.34035705314351e-05	6.54464063361472e-05	0	820.007360672976	232.992639327024	2.66737979927581e-05	0.000141512529811071	0.0012329657731779	0.00865583744322748	0.0109540299037727	0.0218382111474889	0.0329319383713744	6.33180919293217e-05	5	0.0109540299037727	5	*	0
temp_vcf4_18VR002645.vcf	865	838	27	3.63370440323524e-05	3.75078079808888e-05	0	819.833333333334	233.166666666667	0	0.000134802901020664	0.00121976011384428	0.0172235207444406	0.00627859535548949	*	0.0313929767774475	3.62924587022514e-05	5	0.00627859535548949	5	*	0
temp_vcf4_18VR002648.vcf	865	838	27	3.66912735729119e-05	3.78734506450702e-05	0	819.844082332762	233.155917667239	3.8712179943121e-05	0	1.96665432974642e-05	0.0128669262612567	0.00793176595888662	0.0317270638355465	*	3.66786865150826e-05	4	0.00793176595888662	4	*	0
temp_vcf4_18VR002835.vcf	865	838	27	0.000527522598535323	0.000544519150039444	0	820.065040650407	232.934959349594	0.0011128557495175	0	0.000847642463417535	0.00429304387281421	0.453524687685901	0.453524687685901	*	0.000524305997324741	2	0.226762343842951	2	*	0
temp_vcf4_18VR002895.vcf	865	838	27	0	0	0	819.833333333334	233.166666666667	0	0	0	0.00428877769835597	0	*	*	0	1	0	1	*	0
temp_vcf4_18VR003034.vcf	865	838	27	0	0	0	819.833333333334	233.166666666667	0	0	0.00243952022768855	0.0128663330950679	0	*	*	0	5	0	5	*	0
temp_vcf4_18VR003056.vcf	865	838	27	0	0	0	820.333333333334	232.666666666667	0	0	0.0024380333197887	0.00859598853868194	0	*	*	0	3	0	3	*	0
temp_vcf4_18VR003058.vcf	865	838	27	0.000422795048746944	0.00043641732358724	0	819.950017923588	232.998628573228	0.000410533730840768	0.000217523593054884	0.000213666627232771	0.00440350550494994	0.0774364373544458	0.0841284542995396	0.0506683695740708	0.000422665672330703	5	0.0731211613132115	5	*	0
temp_vcf4_18VR003060.vcf	865	838	27	0.000447275309369226	0.000461686327690192	0	820.158573596358	232.841426403642	0.000278391101143425	0.000784100060440179	0.00624293744740208	0.0261797392968625	0.0256550497999175	0.0760352020638129	0.0607917302024141	0.000446816561751008	16	0.0241560203696639	16	*	0
temp_vcf4_18VR003296.vcf	865	838	27	2.71053484846182e-05	2.79786711684902e-05	0	819.162713593471	233.837286406529	2.86220625647647e-05	0.000100266842809805	1.44772453507027e-05	0.0128801495513025	0.0117185784976312	0.0234371569952625	0.0234371569952625	2.70949791852745e-05	4	0.00585928924881562	4	*	0
temp_vcf4_18VR003655.vcf	865	838	27	0.000417699279175656	0.000431157370509478	0	819.833333333334	233.166666666667	0.000440711376076774	0	0.000287970347281954	0.00428877769835597	0.180350292479148	0.360700584958296	*	0.000416994895905545	2	0.180350292479148	2	*	0
temp_vcf4_18VR003663.vcf	865	838	27	0.000130258274932843	0.000134455140592971	0	819.818879855465	233.181120144535	3.47819611340735e-05	0.000360914723064338	1.76300866243287e-05	0.00447722118584885	0.0375411482498003	0.028489149691256	0.084134295058145	0.000130200514161157	3	0.0375411482498003	3	*	0
temp_vcf4_18VR003772.vcf	865	838	27	0	0	0	819.833333333334	233.166666666667	0	0	0	0.00857755539671193	0	*	*	0	2	0	2	*	0
temp_vcf4_18VR003776.vcf	865	838	27	8.39316661889577e-05	8.66359084170029e-05	0	819.815828303776	233.184171696224	0.000113308523360986	0	5.72783949561366e-05	0.0128653672253029	0.0154621709350687	0.023193256402603	*	8.38206709579976e-05	6	0.012084146729778	6	*	0
temp_vcf4_18VR003915.vcf	865	838	27	2.6430002768585e-05	2.7281566103611e-05	0	819.166666666667	233.833333333333	0	9.77702882173601e-05	0	0.012879073830817	0.0057116026547237	*	0.0228464106188948	2.64120353975663e-05	4	0.0057116026547237	4	*	0
temp_vcf4_18VR003988.vcf	865	838	27	6.07892879076826e-05	6.27478926493383e-05	0	819.822951143915	233.177048856085	6.41391339029674e-05	0	3.24673282166453e-05	0.00428858674087256	0.0175061342405876	0.0262592013608813	*	6.07149164413442e-05	3	0.0175061342405876	3	*	0
temp_vcf4_18VR004005.vcf	865	838	27	0	0	0	819.833333333334	233.166666666667	0	0	0	0.00857755539671193	0	*	*	0	2	0	2	*	0
temp_vcf4_18VR004088.vcf	865	838	27	0.000104348265962174	0.000107710322264057	0	820.165731419312	232.834268580689	0.000110052452327021	0.000275053113217404	0.0061522192873905	0.0259092664159136	0.0110115958488411	0.0300597664071048	0.0319915213312304	0.000104253525111346	14	0.00644137851580817	14	*	0
temp_vcf4_18VR004244.vcf	865	838	27	0	0	0	819.833333333334	233.166666666667	0	0	0	0.0128663330950679	0	*	*	0	3	0	3	*	0
temp_vcf4_18VR004249.vcf	865	838	27	0	0	0	820.166666666667	232.833333333333	0	0	0.00609632188579557	0.0257695060844667	0	*	*	0	11	0	11	*	0
temp_vcf4_18VR004315.vcf	865	838	27	9.3247088257425e-05	9.62514693826642e-05	0	819.835148215366	233.164851784634	7.20928601819777e-05	9.24430524803983e-05	0.00247667205371017	0.0129131353595998	0.0115158667279114	0.0590696360724252	0.0215414310229545	9.31919850813637e-05	7	0.0115158667279114	7	*	0
temp_vcf4_18VR004483.vcf	865	838	27	0	0	0	820.166666666667	232.833333333333	0	0	0.00609632188579557	0.0257695060844667	0	*	*	0	11	0	11	*	0
temp_vcf4_18VR004484.vcf	865	838	27	0	0	0	820.166666666667	232.833333333333	0	0	0.00609632188579557	0.0257695060844667	0	*	*	0	11	0	11	*	0
temp_vcf4_18VR004496.vcf	865	838	27	0.000132460121520335	0.00013672792973161	0	820.227536231884	232.772463768116	0.000139690512758764	0	0.00617008005908576	0.0257762447622546	0.00952741020793951	0.114328922495274	*	0.000132172164734421	12	0.00952741020793951	12	*	0
temp_vcf4_18VR004557.vcf	865	838	27	3.36670446532211e-05	3.47517823687783e-05	0	820.166666666667	232.833333333333	0	0.000125076565318695	0.00609632188579557	0.0257063455303381	0.00263447625039319	*	0.0289792387543251	3.35020101206071e-05	11	0.00263447625039319	11	*	0
temp_vcf4_18VR004559.vcf	865	838	27	0.00010165131333803	0.000104926474984959	0	820.159003831418	232.840996168583	0	0.00037763275146673	0.00609637884439752	0.0259661189866961	0.00731052098471838	*	0.0877262518166205	0.000101417632157943	12	0.00731052098471838	12	*	0
temp_vcf4_18VR004561.vcf	865	838	27	9.53438394186385e-05	9.84157769655397e-05	0	820.166666666667	232.833333333333	5.15239845777227e-05	0.00017271653434199	0.00612260785080895	0.0258575424644527	0.00633411248860109	0.0421881746601431	0.0401552876916711	9.51947541639471e-05	13	0.0063341124886011	13	*	0
temp_vcf4_18VR004562.vcf	865	838	27	9.25278959961041e-05	9.55091050556444e-05	0	820.166666666667	232.833333333333	9.75858118715261e-05	0	0.0061471245681772	0.0257695060844667	0.00665509259259258	0.0798611111111109	*	9.23249839434809e-05	12	0.00665509259259258	12	*	0
temp_vcf4_18VR004563.vcf	865	838	27	0	0	0	820.166666666667	232.833333333333	0	0	0.00609632188579557	0.0257695060844667	0	*	*	0	11	0	11	*	0
temp_vcf4_18VR004622.vcf	865	838	27	9.10479649706505e-05	9.39814912883206e-05	0	820.151741293533	232.848258706468	5.35057453741753e-05	0.000149769895877713	0.00612373028895878	0.0258439779276142	0.00604583202907565	0.0437736689685897	0.0348221474093937	9.08622154658768e-05	13	0.00604583202907565	13	*	0
temp_vcf4_18VR004624.vcf	865	838	27	0	0	0	820.166666666667	232.833333333333	0	0	0.00609632188579557	0.0257695060844667	0	*	*	0	11	0	11	*	0
temp_vcf4_18VR004851.vcf	865	838	27	0	0	0	819.833333333334	233.166666666667	0	0	0	0	*	*	*	0	0	*	0	*	0
temp_vcf4_18VR004928.vcf	865	838	27	0	0	0	819.833333333334	233.166666666667	0	0	0.00243952022768855	0.0128663330950679	0	*	*	0	5	0	5	*	0
temp_vcf4_18VR004934.vcf	865	838	27	2.3285664868653e-05	2.40359189873328e-05	0	819.833333333334	233.166666666667	0	8.63849897557607e-05	0.00243952022768855	0.0129099055825693	0.00335214438234947	*	0.0201128662940968	2.32518685480889e-05	6	0.00335214438234948	6	*	0
temp_vcf4_18VR004997.vcf	865	838	27	0.000473624611921689	0.000488884593451386	0	820.205971107671	232.794028892329	0.000499490742257082	0.00160490898077177	0.00638696361252299	0.026720191727022	0.0558181624359728	0.136238651049287	0.18636916047788	0.000472503992078451	14	0.0291939966534186	14	*	0
temp_vcf4_18VR005017.vcf	865	838	27	0	0	0	820.166666666667	232.833333333333	0	0	0.00609632188579557	0.0257695060844667	0	*	*	0	11	0	11	*	0
temp_vcf4_18VR005252.vcf	865	838	27	0	0	0	820	233	0	0	0.00121951219512195	0.00858369098712446	0	*	*	0	3	0	3	*	0
temp_vcf4_18VR005296.vcf	865	838	27	0	0	0	819.833333333334	233.166666666667	0	0	0	0.00857755539671193	0	*	*	0	2	0	2	*	0
temp_vcf4_18VR005308.vcf	865	838	27	0	0	0	820.166666666667	232.833333333333	0	0	0.00609632188579557	0.0257695060844667	0	*	*	0	11	0	11	*	0
