file	product	N_diffs	S_diffs	N_diffs_vs_ref	S_diffs_vs_ref	N_sites	S_sites	piN	piS	mean_dN_vs_ref	mean_dS_vs_ref	mean_gdiv_polymorphic	mean_N_gdiv	mean_S_gdiv
temp_vcf4_17VR013816.vcf	NEP	0.0250748371192111	0.17623941119289	0.0126782884310618	0.0973684210526316	288.162440570523	74.837559429477	8.70163268660771e-05	0.00235495936180239	4.39970192019491e-05	0.00130106355411532	0.10040536106787	0.0250350988670411	0.175775623268698
temp_vcf4_17VR013816.vcf	NS1	0	0	0	1	531.666666666667	158.333333333333	0	0	0	0.0063157894736842	0	*	*
temp_vcf4_17VR013817.vcf	NEP	0.0358197972609359	0	0.0182119205298013	0	288.166666666667	74.8333333333333	0.000124302361807759	0	6.31992615262047e-05	0	0.0357604929608351	0.0357604929608351	*
temp_vcf4_17VR013817.vcf	NS1	0.0249732589701579	0	0.0126426148627814	1	531.670880871621	158.329119128379	4.69712746525007e-05	0	2.37790244258912e-05	0.00631595757940877	0.0124827791522127	0.0249655583044255	*
temp_vcf4_17VR013818.vcf	NEP	0	0.0780233716822176	0	0.0406015037593985	288.166666666667	74.8333333333333	0	0.00104262857481805	0	0.000542559070281494	0.0779060433037482	*	0.0779060433037482
temp_vcf4_17VR013818.vcf	NS1	0	0.0317591166453348	0	1.01612903225806	531.655913978495	158.344086021506	0	0.000200570273530907	0	0.00641722124134184	0.0158688865764828	*	0.0317377731529656
temp_vcf4_17VR013863.vcf	NEP	0	0	0	0	288.166666666667	74.8333333333333	0	0	0	0	*	*	*
temp_vcf4_17VR013863.vcf	NS1	0	0	0	0	531.666666666667	158.333333333333	0	0	0	0	*	*	*
temp_vcf4_17VR013864.vcf	NEP	0	0	0	0	288.166666666667	74.8333333333333	0	0	0	0	*	*	*
temp_vcf4_17VR013864.vcf	NS1	0	0	0	1	531.666666666667	158.333333333333	0	0	0	0.0063157894736842	0	*	*
temp_vcf4_17VR014028.vcf	NEP	0	0	0	0	288.166666666667	74.8333333333333	0	0	0	0	*	*	*
temp_vcf4_17VR014028.vcf	NS1	0.108755558531853	0.0265814995341642	0.0562565655507669	1.01346389228886	531.639409426463	158.360590573538	0.000204566397079516	0.000167854258675681	0.0001058171470235	0.00639972286424532	0.0338156346456733	0.054348653398051	0.0265652317865912
temp_vcf4_17VR014029.vcf	NEP	0	0	0	0	288.166666666667	74.8333333333333	0	0	0	0	*	*	*
temp_vcf4_17VR014029.vcf	NS1	0	0	0	1	531.666666666667	158.333333333333	0	0	0	0.0063157894736842	0	*	*
temp_vcf4_17VR014030.vcf	NEP	0	0	0	0	288.166666666667	74.8333333333333	0	0	0	0	*	*	*
temp_vcf4_17VR014030.vcf	NS1	0.112002472401986	0	0.0575101214574899	1	531.651599190284	158.348400809717	0.000210668927870372	0	0.000108172573063034	0.00631518850134568	0.0372147603905435	0.0558221405858152	*
temp_vcf4_17VR014031.vcf	NEP	0.0597515810956258	0	0.0303146411828345	0	288.156073446328	74.8439265536723	0.000207358395681205	0	0.000105202159441838	0	0.0298540793062553	0.0298540793062553	*
temp_vcf4_17VR014031.vcf	NS1	0.0398508980006777	0.0284437284076664	0.0203320908166723	1.01442481067436	531.666666666667	158.333333333333	7.49546670859142e-05	0.000179644600469472	3.82421770846501e-05	0.00640689354110121	0.0227569549407091	0.0398373937993899	0.0284334710227374
temp_vcf4_17VR014077.vcf	NEP	0.170423936256573	0	0.0871375246694935	0	288.12714213594	74.8728578640599	0.000591488656685339	0	0.000302427338235221	0	0.0425609969305947	0.0425609969305947	*
temp_vcf4_17VR014077.vcf	NS1	0.31902657777078	0.240622016630469	0.175315298683483	0.860258481421648	531.718852157765	158.281147842236	0.000599991097694093	0.00152021905268406	0.000329714280342022	0.0054350027981797	0.111850189760053	0.0797058239181821	0.240427653127536
temp_vcf4_17VR014149.vcf	NEP	0	0	0	0	288.166666666667	74.8333333333333	0	0	0	0	*	*	*
temp_vcf4_17VR014149.vcf	NS1	0	0.0270342997678304	1	1.01369863013699	531.666666666667	158.333333333333	0	0.000170742945902087	0.00188087774294671	0.00640230713770728	0.00900731844623759	*	0.0270219553387128
temp_vcf4_17VR014170.vcf	NEP	0	0.34279343587258	0	0.219567690557452	288.166666666667	74.8333333333333	0	0.00458075860854228	0	0.00293408940611294	0.342715439641438	*	0.342715439641438
temp_vcf4_17VR014170.vcf	NS1	0.34279343587258	0.290612804225562	0.219567690557452	1.16743784906261	531.666666666667	158.333333333333	0.000644752543960966	0.00183544928984565	0.000412979982239721	0.00737329167829015	0.158310728363199	0.342715439641438	0.14526373690568
temp_vcf4_17VR014171.vcf	NEP	0.083146718717653	0	0.0434448289119569	0	288.152185057029	74.8478149429707	0.000288551408004063	0	0.000150770430227203	0	0.0831147515055353	0.0831147515055353	*
temp_vcf4_17VR014171.vcf	NS1	0.148193248144571	0	0.076548596842204	1	531.668629458953	158.331370541048	0.000278732353073715	0	0.000143978020520231	0.0063158677688623	0.0370338051097805	0.0493784068130406	*
temp_vcf4_17VR014172.vcf	NEP	0.0365375580611992	0	0.0186011904761905	0	288.160466269841	74.8395337301587	0.000126795873612255	0	6.45515004781115e-05	0	0.0365103723781179	0.0365103723781179	*
temp_vcf4_17VR014172.vcf	NS1	0.0720274453948217	0	0.0367389870171901	1	531.66464186282	158.335358137181	0.000135475334869845	0	6.9101806146946e-05	0.00631570870691818	0.0239911446350479	0.0359867169525718	*
temp_vcf4_17VR014174.vcf	NEP	0	0.0645607042385338	0	0.0333827893175074	288.172230464886	74.8277695351138	0	0.000862790707776449	0	0.000446128349473816	0.0645367573897806	*	0.0645367573897806
temp_vcf4_17VR014174.vcf	NS1	0.0871159935391635	0.0221044066367857	0.0456247871978209	1.01117318435754	531.719740243437	158.280259756564	0.000163838178171228	0.000139653590857018	8.58060811827911e-05	0.00638849838831913	0.0363943401998859	0.087086331981949	0.0220966886177085
temp_vcf4_17VR014176.vcf	NEP	0	0.0278033715045487	0	0.0140924464487035	288.166666666667	74.8333333333333	0	0.000371537258412677	0	0.00018831776991586	0.0277876988035877	*	0.0277876988035877
temp_vcf4_17VR014176.vcf	NS1	0.0215864796079659	0.10772376872922	0.0109075043630017	1.05601238408618	531.673938336242	158.326061663758	4.06009737387469e-05	0.000680391892511017	2.05154015958247e-05	0.00666985822162912	0.0323124236878796	0.0215770614231456	0.0538363166641864
temp_vcf4_17VR014177.vcf	NEP	0.0265073295002577	0	0.0134303301622832	0	288.182335385189	74.8176646148107	9.19811044796607e-05	0	4.66035856928287e-05	0	0.0264999127880303	0.0264999127880303	*
temp_vcf4_17VR014177.vcf	NS1	0	0.125909334740316	0	1.06586991064564	531.666666666667	158.333333333333	0	0.00079521685099147	0	0.00673180996197245	0.0419597515174006	*	0.0629396272761009
temp_vcf4_17VR014303.vcf	NEP	0	0	0	0	288.166666666667	74.8333333333333	0	0	0	0	*	*	*
temp_vcf4_17VR014303.vcf	NS1	0	0	0	1	531.666666666667	158.333333333333	0	0	0	0.0063157894736842	0	*	*
temp_vcf4_17VR014305.vcf	NEP	0	0	0	0	288.166666666667	74.8333333333333	0	0	0	0	*	*	*
temp_vcf4_17VR014305.vcf	NS1	0	0.053355767035504	0	1.02742279020234	531.684948526802	158.315051473199	0	0.0003370227059209	0	0.00648973537665354	0.0266707807798612	*	0.0533415615597224
temp_vcf4_17VR014310.vcf	NEP	0	0	0	0	288.166666666667	74.8333333333333	0	0	0	0	*	*	*
temp_vcf4_17VR014310.vcf	NS1	0	0	0	1	531.666666666667	158.333333333333	0	0	0	0.0063157894736842	0	*	*
temp_vcf4_17VR014358.vcf	NEP	0.0208313576734629	0.0221457571824882	0.0105105105105105	0.0111919418019026	288.180680680681	74.8193193193193	7.22857535913214e-05	0.000295989824338991	3.64719469941037e-05	0.000149586255311103	0.0214667219199245	0.020800079358638	0.0221333644812109
temp_vcf4_17VR014358.vcf	NS1	0.0221457571824882	0	0	1	531.644282783063	158.322141391532	4.16552155259887e-05	0	0	0.00631623594281102	0.0110666822406055	0.0221333644812109	*
temp_vcf4_17VR014360.vcf	NEP	0	0	0	0	288.166666666667	74.8333333333333	0	0	0	0	*	*	*
temp_vcf4_17VR014360.vcf	NS1	0	0	0	1	531.666666666667	158.333333333333	0	0	0	0.0063157894736842	0	*	*
temp_vcf4_17VR014361.vcf	NEP	0	0	0	0	288.166666666667	74.8333333333333	0	0	0	0	*	*	*
temp_vcf4_17VR014361.vcf	NS1	0.0863055250668047	0.0715945294090244	0.0442701075201281	1.03619384404451	531.652223237246	158.347776762755	0.000162334551224648	0.000452134730734434	8.32689220230589e-05	0.00654378523796387	0.0262887991758321	0.0431110721882123	0.0238368835595227
temp_vcf4_17VR014363.vcf	NEP	0	0	0	0	288.166666666667	74.8333333333333	0	0	0	0	*	*	*
temp_vcf4_17VR014363.vcf	NS1	0.0240538708492165	0	0.0121722846441948	1	531.674781523097	158.325218476904	4.52416997855513e-05	0	2.28942298322381e-05	0.0063161131853791	0.0120241201307354	0.0240482402614708	*
temp_vcf4_17VR014364.vcf	NEP	0	0	0	0	288.166666666667	74.8333333333333	0	0	0	0	*	*	*
temp_vcf4_17VR014364.vcf	NS1	0.0382816126843552	0	0.0195121951219512	1	531.653658536586	158.346341463415	7.20047949819965e-05	0	3.67009514721669e-05	0.00631527063245124	0.0191314693634741	0.0382629387269482	*
temp_vcf4_17VR014365.vcf	NEP	0	0	0	0	288.166666666667	74.8333333333333	0	0	0	0	*	*	*
temp_vcf4_17VR014365.vcf	NS1	0	0	0	1	531.666666666667	158.333333333333	0	0	0	0.0063157894736842	0	*	*
temp_vcf4_17VR014366.vcf	NEP	0	0	0	0	288.166666666667	74.8333333333333	0	0	0	0	*	*	*
temp_vcf4_17VR014366.vcf	NS1	0.0209038521869788	0	0.0105509964830012	1	531.659632669012	158.340367330989	3.93181105024625e-05	0	1.98453970071671e-05	0.00631550890563262	0.0104396729562168	0.0208793459124337	*
temp_vcf4_17VR014367.vcf	NEP	0.27880757446595	0.0306251212073962	0.152234203546299	0.0155505392525709	288.1915217996	74.8084782003996	0.000967438503134817	0.000409380352924123	0.000528239701833276	0.000207871348631281	0.0773386917519172	0.0929124423482061	0.0306174399630503
temp_vcf4_17VR014367.vcf	NS1	0.744554265701621	0	0.51475372248928	1	531.485964909756	158.514035090245	0.00140089167891394	0	0.000968517997604477	0.00630858964274478	0.14887424411124	0.186092805139049	*
temp_vcf4_17VR014370.vcf	NEP	0.070975592319653	0	0.0368349249658936	0	288.166666666667	74.8333333333333	0.000246300493879652	0	0.000127825072177768	0	0.0709562265373012	0.0709562265373012	*
temp_vcf4_17VR014370.vcf	NS1	0.070975592319653	0	0.0368349249658936	1	531.709640745794	158.290359254207	0.000133485622378598	0	6.92763909908191e-05	0.00631750414056518	0.0354781132686506	0.0709562265373012	*
temp_vcf4_17VR014371.vcf	NEP	0	0	0	0	288.166666666667	74.8333333333333	0	0	0	0	*	*	*
temp_vcf4_17VR014371.vcf	NS1	0	0	0	1	531.666666666667	158.333333333333	0	0	0	0.0063157894736842	0	*	*
temp_vcf4_17VR014380.vcf	NEP	0	0	0	0	288.166666666667	74.8333333333333	0	0	0	0	*	*	*
temp_vcf4_17VR014380.vcf	NS1	0	0	0	1	531.666666666667	158.333333333333	0	0	0	0.0063157894736842	0	*	*
temp_vcf4_17VR014484.vcf	NEP	0.149603504223362	0	0.0395480225988701	0	288.065022421525	74.8206278026906	0.000519339359446591	0	0.000137288526966664	0	0.0746476938554156	0.0746476938554156	*
temp_vcf4_17VR014484.vcf	NS1	0	0.0877842825479426	0	1.04596704249783	531.666666666667	158.333333333333	0	0.000554427047671216	0	0.00660610763682841	0.0438540735018343	*	0.0877081470036687
temp_vcf4_17VR014490.vcf	NEP	0.029547168581329	0	0.0149938800489596	0	288.166666666667	74.8333333333333	0.000102534997968753	0	5.20319724081884e-05	0	0.0295381272200741	0.0295381272200741	*
temp_vcf4_17VR014490.vcf	NS1	0.029547168581329	0	0.0149938800489596	1	531.6766625867	158.323337413301	5.55735669073322e-05	0	2.82011250522296e-05	0.00631618822807856	0.014769063610037	0.0295381272200741	*
temp_vcf4_17VR014505.vcf	NEP	0	0	0	0	288.166666666667	74.8333333333333	0	0	0	0	*	*	*
temp_vcf4_17VR014505.vcf	NS1	0.0212815174647236	0	0.010752688172043	2	531.5	158.5	4.00404844115213e-05	0	2.02308338138156e-05	0.0126182965299684	0.00709137857941185	0.0212741357382356	*
temp_vcf4_17VR014509.vcf	NEP	0	0	0	0	288.166666666667	74.8333333333333	0	0	0	0	*	*	*
temp_vcf4_17VR014509.vcf	NS1	0	0	0	1	531.666666666667	158.333333333333	0	0	0	0.0063157894736842	0	*	*
temp_vcf4_17VR014538.vcf	NEP	0	0	0	0	288.166666666667	74.8333333333333	0	0	0	0	*	*	*
temp_vcf4_17VR014538.vcf	NS1	0.174988176854739	0	0.0796063641269697	1	531.615566045937	158.352894845569	0.00032916300430454	0	0.000149744231003369	0.00631500927706584	0.0349863635992656	0.043732954499082	*
temp_vcf4_17VR014540.vcf	NEP	0	0	0	0	288.166666666667	74.8333333333333	0	0	0	0	*	*	*
temp_vcf4_17VR014540.vcf	NS1	0	0.020091437005824	0	1.01014629542237	531.666666666667	158.333333333333	0	0.000126893286352572	0	0.00637987133950969	0.010043348111571	*	0.0200866962231421
temp_vcf4_17VR014542.vcf	NEP	0	0.0273688862300291	0	0.0138648180242634	288.166666666667	74.8333333333333	0	0.00036573121910952	0	0.000185275964689489	0.0273451696908349	*	0.0273451696908349
temp_vcf4_17VR014542.vcf	NS1	0.049125314952544	0	0.0248538290132744	1	531.675909878683	158.324090121317	9.23971051533129e-05	0	4.67462011189213e-05	0.00631615819951178	0.0163605583146079	0.0245408374719118	*
temp_vcf4_17VR014558.vcf	NEP	0.0251575368771426	0	0.012736660929432	0	288.15817555938	74.8418244406196	8.73046091033374e-05	0	4.42002414288863e-05	0	0.0251488767956014	0.0251488767956014	*
temp_vcf4_17VR014558.vcf	NS1	0.0251575368771426	0	0.012736660929432	1	531.662421113024	158.337578886977	4.7318629036214e-05	0	2.39562933614305e-05	0.00631562012650081	0.0125744383978007	0.0251488767956014	*
temp_vcf4_17VR014572.vcf	NEP	0	0	0	0	288.166666666667	74.8333333333333	0	0	0	0	*	*	*
temp_vcf4_17VR014572.vcf	NS1	0.115769256242135	0	0.0616597125637459	1	531.676943285428	158.323056714573	0.000217743608603289	0	0.000115972139364795	0.00631619942635907	0.0578577924103022	0.115715584820604	*
temp_vcf4_17VR014625.vcf	NEP	0	0	0	0	288.166666666667	74.8333333333333	0	0	0	0	*	*	*
temp_vcf4_17VR014625.vcf	NS1	0.0231104312524256	0	1.01168920467568	2	532.15887386355	157.841126136451	4.34276912167987e-05	0	0.0019011037011009	0.0126709688973648	0.00577628358486598	0.0231051343394639	*
temp_vcf4_17VR014650.vcf	NEP	0	0	0	0	288.166666666667	74.8333333333333	0	0	0	0	*	*	*
temp_vcf4_17VR014650.vcf	NS1	0	0	0	1	531.666666666667	158.333333333333	0	0	0	0.0063157894736842	0	*	*
temp_vcf4_17VR014747.vcf	NEP	0	0	0	1	288.166666666667	74.8333333333333	0	0	0	0.0133630289532294	0	*	*
temp_vcf4_17VR014747.vcf	NS1	0	0	1	2	531.666666666667	158.333333333333	0	0	0.00188087774294671	0.0126315789473684	0	*	*
temp_vcf4_17VR014815.vcf	NEP	0.0977387164698343	0.282293527742592	0.0513595166163142	0.169865642994242	288.132426988922	74.8675730110776	0.00033921456703515	0.00377057137541808	0.000178249692868789	0.00226888138832961	0.189733022993647	0.0974434333385055	0.282022612648789
temp_vcf4_17VR014815.vcf	NS1	0.476996908010716	0	0.270572789262891	2	531.637735361699	158.362264638302	0.000897221691169443	0	0.000508942031887197	0.0126292712760075	0.0680428864884795	0.0952600410838713	*
temp_vcf4_17VR014817.vcf	NEP	0	0	0	0	288.166666666667	74.8333333333333	0	0	0	0	*	*	*
temp_vcf4_17VR014817.vcf	NS1	0	0	0	2	532.333333333334	157.666666666667	0	0	0	0.0126849894291755	0	*	*
temp_vcf4_17VR014818.vcf	NEP	0.0995910989836784	0	0.0525447690857681	0	288.166666666667	74.8333333333333	0.000345602425622944	0	0.000182341593125858	0	0.0995676326549828	0.0995676326549828	*
temp_vcf4_17VR014818.vcf	NS1	0.0995910989836784	0	0.0525447690857681	2	532.368363179391	157.63163682061	0.000187071783133213	0	9.87000218644891e-05	0.01268780836347	0.0331892108849943	0.0995676326549828	*
temp_vcf4_17VR014826.vcf	NEP	0	0	0	0	288.166666666667	74.8333333333333	0	0	0	0	*	*	*
temp_vcf4_17VR014826.vcf	NS1	0.101853598586667	0	0.0525957989955326	1	531.666666666667	158.333333333333	0.00019157416662069	0	9.89262677031961e-05	0.0063157894736842	0.0338671006965411	0.0508006510448116	*
temp_vcf4_17VR014827.vcf	NEP	0	0	0	0	288.166666666667	74.8333333333333	0	0	0	0	*	*	*
temp_vcf4_17VR014827.vcf	NS1	0	0	0	1	531.666666666667	158.333333333333	0	0	0	0.0063157894736842	0	*	*
temp_vcf4_17VR014828.vcf	NEP	0	0	0	0	288.166666666667	74.8333333333333	0	0	0	0	*	*	*
temp_vcf4_17VR014828.vcf	NS1	0.228432571850145	0	0.124571319076821	1	531.699533971058	158.300466028943	0.000429627180870502	0	0.000234288937863922	0.00631710079626149	0.0761163811684489	0.114174571752673	*
temp_vcf4_17VR014893.vcf	NEP	0.0361746937759369	0	0.018413597733711	0	288.178942398489	74.8210576015109	0.000125528581217136	0	6.38964026325318e-05	0	0.0361490743044244	0.0361490743044244	*
temp_vcf4_17VR014893.vcf	NS1	0.0361746937759369	0	0.018413597733711	1	531.67894239849	158.321057601511	6.80386054274541e-05	0	3.46329265000497e-05	0.00631627918073266	0.0180745371522122	0.0361490743044244	*
temp_vcf4_17VR014896.vcf	NEP	0	0	0	0	288.166666666667	74.8333333333333	0	0	0	0	*	*	*
temp_vcf4_17VR014896.vcf	NS1	0	0	0	1	531.666666666667	158.333333333333	0	0	0	0.0063157894736842	0	*	*
temp_vcf4_17VR014897.vcf	NEP	0	0	0	0	288.166666666667	74.8333333333333	0	0	0	0	*	*	*
temp_vcf4_17VR014897.vcf	NS1	0	0	0	1	531.666666666667	158.333333333333	0	0	0	0.0063157894736842	0	*	*
temp_vcf4_17VR014904.vcf	NEP	0	0	0	0	288.166666666667	74.8333333333333	0	0	0	0	*	*	*
temp_vcf4_17VR014904.vcf	NS1	0	0	0	1	531.666666666667	158.333333333333	0	0	0	0.0063157894736842	0	*	*
temp_vcf4_17VR015004.vcf	NEP	0	0	0	1	288.166666666667	74.8333333333333	0	0	0	0.0133630289532294	0	*	*
temp_vcf4_17VR015004.vcf	NS1	0	0.265834504989541	1	2.15702479338843	531.666666666667	158.333333333333	0	0.00167895476835499	0.00188087774294671	0.0136233144845585	0.0661840038248754	*	0.264736015299502
temp_vcf4_17VR015006.vcf	NEP	0	0	0	1	288.166666666667	74.8333333333333	0	0	0	0.0133630289532294	0	*	*
temp_vcf4_17VR015006.vcf	NS1	0	0	1	2	531.666666666667	158.333333333333	0	0	0.00188087774294671	0.0126315789473684	0	*	*
temp_vcf4_17VR015078.vcf	NEP	0	0	0	0	288.166666666667	74.8333333333333	0	0	0	0	*	*	*
temp_vcf4_17VR015078.vcf	NS1	0	0	0	1	531.666666666667	158.333333333333	0	0	0	0.0063157894736842	0	*	*
temp_vcf4_17VR015079.vcf	NEP	0	0	0	0	288.166666666667	74.8333333333333	0	0	0	0	*	*	*
temp_vcf4_17VR015079.vcf	NS1	0	0	0	1	531.666666666667	158.333333333333	0	0	0	0.0063157894736842	0	*	*
temp_vcf4_17VR015086.vcf	NEP	0	0	0	0	288.166666666667	74.8333333333333	0	0	0	0	*	*	*
temp_vcf4_17VR015086.vcf	NS1	0	0	0	1	531.666666666667	158.333333333333	0	0	0	0.0063157894736842	0	*	*
temp_vcf4_17VR015088.vcf	NEP	0.0327269303792503	0	0.0166336633663366	0	288.163894389439	74.8361056105611	0.000113570544459055	0	5.77229267447957e-05	0	0.0327139692187042	0.0327139692187042	*
temp_vcf4_17VR015088.vcf	NS1	0	0	0	2	531.666666666667	158.333333333333	0	0	0	0.0126315789473684	0	*	*
temp_vcf4_17VR015092.vcf	NEP	0.0476324380270258	0	0.0244010647737356	0	288.166666666667	74.8333333333333	0.000165294753130223	0	8.46769165080472e-05	0	0.0476113056232872	0.0476113056232872	*
temp_vcf4_17VR015092.vcf	NS1	0.727614324757711	0	0.481963420299346	2	531.855446003731	158.14455399627	0.00136806782787481	0	0.000906192507608478	0.0126466574375187	0.12118872590841	0.181783088862615	*
temp_vcf4_18VR001031.vcf	NEP	0	0	0	0	288.166666666667	74.8333333333333	0	0	0	0	*	*	*
temp_vcf4_18VR001031.vcf	NS1	0	0	0	1	531.666666666667	158.333333333333	0	0	0	0.0063157894736842	0	*	*
temp_vcf4_18VR001129.vcf	NEP	0.0849064328017394	0	0.0443864229765013	0	288.137075718016	74.8629242819843	0.000294673750645102	0	0.000154046204799899	0	0.0848325368637048	0.0848325368637048	*
temp_vcf4_18VR001129.vcf	NS1	0.256452803543287	0.0849064328017394	0.132238154351084	1.0443864229765	531.619663744134	158.380336255867	0.000482399017630613	0.000536092009961207	0.000248745792094571	0.00659416722849529	0.0487158422856769	0.0512356718272068	0.0848325368637048
temp_vcf4_18VR001154.vcf	NEP	0	0	0	0	288.166666666667	74.8333333333333	0	0	0	0	*	*	*
temp_vcf4_18VR001154.vcf	NS1	0	0	0	1	531.666666666667	158.333333333333	0	0	0	0.0063157894736842	0	*	*
temp_vcf4_18VR001337.vcf	NEP	0.0497352092892351	0	0.0255133789670193	0	288.149657747355	74.8503422526447	0.000172602007158524	0	8.85421109519033e-05	0	0.0497248929214091	0.0497248929214091	*
temp_vcf4_18VR001337.vcf	NS1	0	0.0497352092892351	0	1.02551337896702	531.666666666667	158.333333333333	0	0.000314117111300432	0	0.00647692660400222	0.0248624464607046	*	0.0497248929214091
temp_vcf4_18VR001443.vcf	NEP	0	0	0	0	288.166666666667	74.8333333333333	0	0	0	0	*	*	*
temp_vcf4_18VR001443.vcf	NS1	0	0	0	1	531.666666666667	158.333333333333	0	0	0	0.0063157894736842	0	*	*
temp_vcf4_18VR001447.vcf	NEP	0	0	0	0	288.166666666667	74.8333333333333	0	0	0	0	*	*	*
temp_vcf4_18VR001447.vcf	NS1	0.0282764699360522	0.0394977837658407	0.0143417874396135	1.02015113350126	531.672929861948	158.327070138052	5.31839564286154e-05	0.000249469555215042	2.69748310175157e-05	0.00644331466887971	0.0225874439283495	0.0282722011453009	0.0394901306397477
temp_vcf4_18VR001520.vcf	NEP	0.036617449010485	0	0.0186523665190021	0	288.185319033186	74.8146809668143	0.000127062159631624	0	6.47235139582326e-05	0	0.0366089114844859	0.0366089114844859	*
temp_vcf4_18VR001520.vcf	NS1	0	0	0	2	531.666666666667	158.333333333333	0	0	0	0.0126315789473684	0	*	*
temp_vcf4_18VR001527.vcf	NEP	0	0	0	0	288.166666666667	74.8333333333333	0	0	0	0	*	*	*
temp_vcf4_18VR001527.vcf	NS1	0	0	0	1	531.666666666667	158.333333333333	0	0	0	0.0063157894736842	0	*	*
temp_vcf4_18VR001531.vcf	NEP	0	0	0	0	288.166666666667	74.8333333333333	0	0	0	0	*	*	*
temp_vcf4_18VR001531.vcf	NS1	0.0236040637218048	0	0.0119421747328724	1	531.658705216845	158.341294783155	4.43970229212696e-05	0	2.24621070165711e-05	0.00631547191381425	0.0117995591955219	0.0235991183910438	*
temp_vcf4_18VR001685.vcf	NEP	0.0341293248508988	0.122720607120074	0.0173598553345389	0.0656146179401993	288.178239903556	74.8217600964437	0.000118431304398003	0.00164017268454911	6.02399936246007e-05	0.000876945662005592	0.0783678306100638	0.0341169815146056	0.122618679705522
temp_vcf4_18VR001685.vcf	NS1	0	0.0341293248508988	0	2.01735985533454	531.666666666667	158.333333333333	0	0.000215553630637255	0	0.012741220138955	0.0113723271715352	*	0.0341169815146056
temp_vcf4_18VR001710.vcf	NEP	0.238632606298575	0	0.138415245737212	0	288.166666666667	74.8333333333333	0.000828106210405696	0	0.000480330523090382	0	0.238512930969438	0.238512930969438	*
temp_vcf4_18VR001710.vcf	NS1	0.275415357625578	0.0608726462414569	0.157146363561985	2.03140877598152	531.752699791217	158.247300208784	0.000517938804511411	0.000384667834213567	0.000295525276361899	0.0128369253270128	0.0672235973229574	0.137636728534527	0.0608445295457334
temp_vcf4_18VR001885.vcf	NEP	0	0	0	0	288.166666666667	74.8333333333333	0	0	0	0	*	*	*
temp_vcf4_18VR001885.vcf	NS1	0.0655823990283182	0.0667751875995833	0.0333615668658876	1.03395204909202	531.659142747472	158.340857252528	0.000123354220317563	0.000421717987121211	6.27499165978486e-05	0.00652991316980831	0.0264563776095992	0.0327720033818535	0.0333689406421446
temp_vcf4_18VR001887.vcf	NEP	0	0	0	0	288.166666666667	74.8333333333333	0	0	0	0	*	*	*
temp_vcf4_18VR001887.vcf	NS1	0	0	0	3	532.333333333334	157.666666666667	0	0	0	0.0190274841437632	0	*	*
temp_vcf4_18VR001888.vcf	NEP	0.0845464408661941	0	0.0442127965492451	0	288.181404265516	74.8185957344836	0.000293379238267217	0	0.0001534200191089	0	0.0845160503410805	0.0845160503410805	*
temp_vcf4_18VR001888.vcf	NS1	0.259469534544534	0	0.136297654177895	2	531.68641333279	158.31358666721	0.000488012347199341	0	0.000256349703058115	0.0126331545011622	0.0518708691308367	0.0864514485513945	*
temp_vcf4_18VR001890.vcf	NEP	0	0	0	0	288.166666666667	74.8333333333333	0	0	0	0	*	*	*
temp_vcf4_18VR001890.vcf	NS1	0.141602630310868	0	0.0766481334392375	2	531.666666666667	158.333333333333	0.000266337235694422	0	0.000144165768224271	0.0126315789473684	0.0471821313863456	0.141546394159037	*
temp_vcf4_18VR001891.vcf	NEP	0.0856732978200459	0.0198579339900929	0.0447427293064877	0.0100235849056604	288.138508777946	74.8614912220534	0.000297333730862298	0.000265262335359986	0.000155282018693894	0.000133895073983078	0.0526639301319934	0.0854816349613881	0.0198462253025988
temp_vcf4_18VR001891.vcf	NS1	0.0202186724271881	0.0317381924046684	0.0102040816326531	2.01611603545528	531.659863945579	158.340136054422	3.8029337548899e-05	0.000200443129553457	1.91928756045756e-05	0.0127328173746316	0.0129781336035847	0.0201999167013744	0.0317126177129643
temp_vcf4_18VR001894.vcf	NEP	0	0	0	0	288.166666666667	74.8333333333333	0	0	0	0	*	*	*
temp_vcf4_18VR001894.vcf	NS1	0	0	0	1	531.666666666667	158.333333333333	0	0	0	0.0063157894736842	0	*	*
temp_vcf4_18VR001966.vcf	NEP	0.0632694053727071	0	0.0321616456068779	0	288.182164816036	74.8178351839642	0.000219546568446024	0	0.000111601790580651	0	0.0316092650510357	0.0316092650510357	*
temp_vcf4_18VR001966.vcf	NS1	0.0632694053727071	0	0.0321616456068779	2	531.656528791566	158.343471208435	0.000119004285561048	0	6.04932768905897e-05	0.0126307702157628	0.0158046325255178	0.0316092650510357	*
temp_vcf4_18VR002043.vcf	NEP	0	0	0	0	288.166666666667	74.8333333333333	0	0	0	0	*	*	*
temp_vcf4_18VR002043.vcf	NS1	0	0	0	2	531.666666666667	158.333333333333	0	0	0	0.0126315789473684	0	*	*
temp_vcf4_18VR002046.vcf	NEP	0	0	0	0	288.166666666667	74.8333333333333	0	0	0	0	*	*	*
temp_vcf4_18VR002046.vcf	NS1	0	0	0	1	531.666666666667	158.333333333333	0	0	0	0.0063157894736842	0	*	*
temp_vcf4_18VR002052.vcf	NEP	0	0.0467928698280975	0	0.0236678418819048	288.174557410217	74.8254425897825	0	0.000625360414967824	0	0.000316307409120981	0.0233877585026008	*	0.0233877585026008
temp_vcf4_18VR002052.vcf	NS1	0.145722864204498	0	0.0646968226699218	1	531.668977203041	158.300400472297	0.00027408570078906	0	0.000121686284970534	0.00631710341235049	0.0291346446868791	0.0364183058585989	*
temp_vcf4_18VR002057.vcf	NEP	0	0	0	0	288.166666666667	74.8333333333333	0	0	0	0	*	*	*
temp_vcf4_18VR002057.vcf	NS1	0.0245742492006607	0	0.0124223602484472	3	532.333333333334	157.666666666667	4.61632733888429e-05	0	2.33356798655865e-05	0.0190274841437632	0.00613402260715251	0.02453609042861	*
temp_vcf4_18VR002075.vcf	NEP	0	0.0489942041556598	0	0.0251153254741158	288.166666666667	74.8333333333333	0	0.000654710968672514	0	0.00033561682148039	0.0489690918008903	*	0.0489690918008903
temp_vcf4_18VR002075.vcf	NS1	0.0199361718539088	0	0	2	531.639824135139	158.329978016892	3.74993951710456e-05	0	0	0.012631846634796	0.00664308399158357	0.0199292519747507	*
temp_vcf4_18VR002079.vcf	NEP	0.0320203054532779	0	0.0162650602409639	0	288.166666666667	74.8333333333333	0.000111117312157124	0	5.64432397025929e-05	0	0.0320010161126434	0.0320010161126434	*
temp_vcf4_18VR002079.vcf	NS1	0.158849174562748	0.0282236474499231	0.081803019814416	2.01431049436253	531.670301822148	158.329698177853	0.000298773834119261	0.000178258708092902	0.000153860427287474	0.0127222531056672	0.0311645412361644	0.0529252797299073	0.0282114082272649
temp_vcf4_18VR002160.vcf	NEP	0	0	0	0	288.166666666667	74.8333333333333	0	0	0	0	*	*	*
temp_vcf4_18VR002160.vcf	NS1	0	0	0	2	531.666666666667	158.333333333333	0	0	0	0.0126315789473684	0	*	*
temp_vcf4_18VR002212.vcf	NEP	0	0	0	0	288.166666666667	74.8333333333333	0	0	0	0	*	*	*
temp_vcf4_18VR002212.vcf	NS1	0	0	1	2	532.666666666667	157.333333333333	0	0	0.00187734668335419	0.0127118644067797	0	*	*
temp_vcf4_18VR002213.vcf	NEP	0.0260860874995864	0	0.0132122213047069	1	288.164464629782	74.8355353702175	9.05249977060856e-05	0	4.58495856582496e-05	0.0133626357458782	0.0130376585129024	0.0260753170258048	*
temp_vcf4_18VR002213.vcf	NS1	0	0	0	2	531.666666666667	158.333333333333	0	0	0	0.0126315789473684	0	*	*
temp_vcf4_18VR002214.vcf	NEP	0	0.0346398773777149	0	1.01762523191095	288.166666666667	74.8333333333333	0	0.00046289368433472	0	0.0135985554375628	0.0173145831110316	*	0.0346291662220632
temp_vcf4_18VR002214.vcf	NS1	0.0346398773777149	0	0.0176252319109462	2	531.666666666667	158.333333333333	6.5153374378147e-05	0	3.31509064155728e-05	0.0126315789473684	0.0115430554073544	0.0346291662220632	*
temp_vcf4_18VR002369.vcf	NEP	0	0	0	0	288.166666666667	74.8333333333333	0	0	0	0	*	*	*
temp_vcf4_18VR002369.vcf	NS1	0	0.039203187250996	0	2.9800796812749	532.32005312085	157.67994687915	0	0.000248625066325284	0	0.0188995477247269	0.0130156664179934	*	0.0390469992539801
temp_vcf4_18VR002372.vcf	NEP	0.179879084614692	0	0.0975557237948224	1	288.195709570957	74.8042904290429	0.000624156011491226	0	0.000338505121884207	0.0133682171739677	0.0599037257542771	0.0898555886314156	*
temp_vcf4_18VR002372.vcf	NS1	0.32075954618871	0.0792797497668375	1.17057562975436	2.04063849128607	532.667947384503	157.332052615498	0.000602175422350262	0.00050390081645085	0.00219757099240174	0.0129702654822229	0.0444156877967968	0.0801267799510041	0.0396170351835775
temp_vcf4_18VR002389.vcf	NEP	0	0.0457911440921333	0	0.0234337637494022	288.166666666667	74.8333333333333	0	0.000611908384304676	0	0.000313146063466399	0.0457692449318787	*	0.0457692449318787
temp_vcf4_18VR002389.vcf	NS1	0.060733979716465	0.0457911440921333	1.0308366238164	2.0234337637494	532.669141741617	157.330858258384	0.000114018205593605	0.0002910499859915	0.00193522872461876	0.0128610101422464	0.0177483842210521	0.030360530197217	0.0457692449318787
temp_vcf4_18VR002588.vcf	NEP	0	0	0	0	288.166666666667	74.8333333333333	0	0	0	0	*	*	*
temp_vcf4_18VR002588.vcf	NS1	0.0218727106911657	0.0329713778185256	1.01104100946372	2.01674641148325	531.84069400631	158.159305993691	4.11264330421963e-05	0.000208469413869588	0.00190102228140468	0.0127513610331832	0.0109540299037727	0.0218382111474889	0.0329319383713744
temp_vcf4_18VR002645.vcf	NEP	0	0.0314315430879848	0	1.0159509202454	288.166666666667	74.8333333333333	0	0.000420020620329418	0	0.0135761815622993	0.0156964883887237	*	0.0313929767774475
temp_vcf4_18VR002645.vcf	NS1	0	0	1	3	531.666666666667	158.333333333333	0	0	0.00188087774294671	0.0189473684210526	0	*	*
temp_vcf4_18VR002648.vcf	NEP	0.0317379516405688	0	0.0161234991423671	1	288.177415666095	74.8225843339051	0.000110133375883081	0	5.59499053910909e-05	0.0133649486836404	0.0158635319177732	0.0317270638355465	*
temp_vcf4_18VR002648.vcf	NS1	0	0	0	2	531.666666666667	158.333333333333	0	0	0	0.0126315789473684	0	*	*
temp_vcf4_18VR002835.vcf	NEP	0.456307047733054	0	0.347560975609756	0	288.166666666667	74.8333333333333	0.00158348310375843	0	0.00120611096220852	0	0.453524687685901	0.453524687685901	*
temp_vcf4_18VR002835.vcf	NS1	0.456307047733054	0	0.347560975609756	1	531.89837398374	158.10162601626	0.000857883892961483	0	0.000653434927816457	0.00632504563803254	0.226762343842951	0.453524687685901	*
temp_vcf4_18VR002895.vcf	NEP	0	0	0	0	288.166666666667	74.8333333333333	0	0	0	0	*	*	*
temp_vcf4_18VR002895.vcf	NS1	0	0	0	1	531.666666666667	158.333333333333	0	0	0	0.0063157894736842	0	*	*
temp_vcf4_18VR003034.vcf	NEP	0	0	1	0	288.666666666667	74.3333333333333	0	0	0.00346420323325635	0	0	*	*
temp_vcf4_18VR003034.vcf	NS1	0	0	1	3	531.166666666667	158.833333333333	0	0	0.00188264825855036	0.0188877229800629	0	*	*
temp_vcf4_18VR003056.vcf	NEP	0	0	1	0	288.166666666667	74.8333333333333	0	0	0.00347021399652979	0	0	*	*
temp_vcf4_18VR003056.vcf	NS1	0	0	1	2	532.166666666667	157.833333333333	0	0	0.00187911055433761	0.0126715945089757	0	*	*
temp_vcf4_18VR003058.vcf	NEP	0.0552451508276008	0	0.0109071561585528	0	288.104406007323	74.8442404894919	0.000191753925575843	0	3.78583455550331e-05	0	0.0276130042436188	0.0276130042436188	*
temp_vcf4_18VR003058.vcf	NS1	0.281371989133524	0.0506826988641088	0.16428879867063	1.026010743568	531.845611916265	158.154388083736	0.00052904824789233	0.000320463437519511	0.000308903176015103	0.00648739978700285	0.0829890445712479	0.14064390435546	0.0506683695740708
temp_vcf4_18VR003060.vcf	NEP	0.0240026823274029	0.04038811400849	0.0121396054628225	1.02058823529412	288.158573596358	74.8414264036419	8.32967835308105e-05	0.000539649174919048	4.21282119470343e-05	0.0136366753593095	0.0214377302024141	0.0239844708840589	0.0403287197231834
temp_vcf4_18VR003060.vcf	NS1	0.204322166088308	0.142182862507583	5.10805906644976	5.07513960546282	532	158	0.000384064221970503	0.00089989153485812	0.00960161478655968	0.0321211367434356	0.0247262575851027	0.10206056765369	0.0710232354420294
temp_vcf4_18VR003296.vcf	NEP	0	0.0234461264391948	0	1.01185921958684	287.5	75.5	0	0.000310544721048937	0	0.0134021088686999	0.0117185784976312	*	0.0234371569952625
temp_vcf4_18VR003296.vcf	NS1	0.0234461264391948	0	0.0118592195868401	2	531.662713593471	158.337286406529	4.40996252694194e-05	0	2.23059080195496e-05	0.0126312635854136	0.0078123856650875	0.0234371569952625	*
temp_vcf4_18VR003655.vcf	NEP	0	0	0	0	288.166666666667	74.8333333333333	0	0	0	0	*	*	*
temp_vcf4_18VR003655.vcf	NS1	0.361309876486942	0	0.236087689713322	1	531.666666666667	158.333333333333	0.000679579704991113	0	0.000444052080965496	0.0063157894736842	0.180350292479148	0.360700584958296	*
temp_vcf4_18VR003663.vcf	NEP	0.0285149084161125	0	0.014453477868112	0	288.152213188798	74.8477868112015	9.895779768809e-05	0	5.01591770133032e-05	0	0.028489149691256	0.028489149691256	*
temp_vcf4_18VR003663.vcf	NS1	0	0.0841584994007969	0	1.04400345125108	531.666666666667	158.333333333333	0	0.000531527364636611	0	0.00659370600790154	0.0420671475290725	*	0.084134295058145
temp_vcf4_18VR003772.vcf	NEP	0	0	0	0	288.166666666667	74.8333333333333	0	0	0	0	*	*	*
temp_vcf4_18VR003772.vcf	NS1	0	0	0	2	531.666666666667	158.333333333333	0	0	0	0.0126315789473684	0	*	*
temp_vcf4_18VR003776.vcf	NEP	0.0202912296796163	0	0.0102389078498294	0	288.156427758817	74.8435722411832	7.04174112562214e-05	0	3.5532463840783e-05	0	0.0202681452317441	0.0202681452317441	*
temp_vcf4_18VR003776.vcf	NS1	0.0726008912534484	0	0.0367188269550466	3	531.65940054496	158.340599455041	0.000136555266734739	0	6.9064568250668e-05	0.0189464989416806	0.012084146729778	0.024168293459556	*
temp_vcf4_18VR003915.vcf	NEP	0	0	0	1	287.5	75.5	0	0	0	0.0132450331125828	0	*	*
temp_vcf4_18VR003915.vcf	NS1	0	0.022861952394826	0	2.01155676410605	531.666666666667	158.333333333333	0	0.000144391278283112	0	0.0127045690364593	0.00761547020629827	*	0.0228464106188948
temp_vcf4_18VR003988.vcf	NEP	0.0290563505137619	0	0.0147255689424364	0	288.164212405176	74.8357875948238	0.000100832613013399	0	5.11013106711925e-05	0	0.0290174531235159	0.0290174531235159	*
temp_vcf4_18VR003988.vcf	NS1	0.0235263835263835	0	0.0118918918918919	1	531.658738738739	158.341261261261	4.42509109926331e-05	0	2.23675283135629e-05	0.00631547325084149	0.0117504747991234	0.0235009495982468	*
temp_vcf4_18VR004005.vcf	NEP	0	0	0	0	288.166666666667	74.8333333333333	0	0	0	0	*	*	*
temp_vcf4_18VR004005.vcf	NS1	0	0	0	2	531.666666666667	158.333333333333	0	0	0	0.0126315789473684	0	*	*
temp_vcf4_18VR004088.vcf	NEP	0	0.0640417904368157	0	1.03256509541144	288.170542635659	74.8294573643411	0	0.000855836627613096	0	0.0137989119763882	0.0213276808874869	*	0.0319915213312304
temp_vcf4_18VR004088.vcf	NS1	0.0902612500572802	0	5.04583943169463	5	531.995188783653	158.004811216348	0.000169665538261074	0	0.00948474636252138	0.0316446060186975	0.00693686917087034	0.0300597664071048	*
temp_vcf4_18VR004244.vcf	NEP	0	0	0	0	288.166666666667	74.8333333333333	0	0	0	0	*	*	*
temp_vcf4_18VR004244.vcf	NS1	0	0	0	3	531.666666666667	158.333333333333	0	0	0	0.0189473684210526	0	*	*
temp_vcf4_18VR004249.vcf	NEP	0	0	0	1	288.166666666667	74.8333333333333	0	0	0	0.0133630289532294	0	*	*
temp_vcf4_18VR004249.vcf	NS1	0	0	5	5	532	158	0	0	0.0093984962406015	0.0316455696202531	0	*	*
temp_vcf4_18VR004315.vcf	NEP	0	0.0215544706301112	1	0.0108892921960073	288.668481548699	74.3315184513007	0	0.00028997753684035	0.00346418145353114	0.000146496296899162	0.0107707155114772	*	0.0215414310229545
temp_vcf4_18VR004315.vcf	NS1	0.0591042607125614	0	1.03046280023433	3	531.166666666667	158.833333333333	0.00011127253350341	0	0.00193999899636209	0.0188877229800629	0.011813927214485	0.0590696360724252	*
temp_vcf4_18VR004483.vcf	NEP	0	0	0	1	288.166666666667	74.8333333333333	0	0	0	0.0133630289532294	0	*	*
temp_vcf4_18VR004483.vcf	NS1	0	0	5	5	532	158	0	0	0.0093984962406015	0.0316455696202531	0	*	*
temp_vcf4_18VR004484.vcf	NEP	0	0	0	1	288.166666666667	74.8333333333333	0	0	0	0.0133630289532294	0	*	*
temp_vcf4_18VR004484.vcf	NS1	0	0	5	5	532	158	0	0	0.0093984962406015	0.0316455696202531	0	*	*
temp_vcf4_18VR004496.vcf	NEP	0	0	0	1	288.166666666667	74.8333333333333	0	0	0	0.0133630289532294	0	*	*
temp_vcf4_18VR004496.vcf	NS1	0.11457800511509	0	5.06086956521739	5	532.060869565218	157.939130434783	0.000215347550758091	0	0.0095118244071453	0.0316577657875901	0.0103935384086613	0.114328922495274	*
temp_vcf4_18VR004557.vcf	NEP	0	0	0	1	288.166666666667	74.8333333333333	0	0	0	0.0133630289532294	0	*	*
temp_vcf4_18VR004557.vcf	NS1	0	0.0291219936250361	5	4.98529411764706	532	158	0	0.00018431641534833	0.0093984962406015	0.0315524944154877	0.00289792387543251	*	0.0289792387543251
temp_vcf4_18VR004559.vcf	NEP	0	0	0	1	288.166666666667	74.8333333333333	0	0	0	0.0133630289532294	0	*	*
temp_vcf4_18VR004559.vcf	NS1	0	0.087928386037396	5	5.04597701149425	531.992337164751	158.007662835249	0	0.000556481783602336	0.00939863161685271	0.0319350145489816	0.00797511380151096	*	0.0877262518166205
temp_vcf4_18VR004561.vcf	NEP	0	0	0	1	288.166666666667	74.8333333333333	0	0	0	0.0133630289532294	0	*	*
temp_vcf4_18VR004561.vcf	NS1	0.0422582546844956	0.0402141664126267	5.02155887230514	5.02049780380674	532	158	7.94328095573224e-05	0.000254520040586245	0.00943902043666379	0.0317753025557388	0.00686195519598452	0.0421881746601431	0.0401552876916711
temp_vcf4_18VR004562.vcf	NEP	0	0	0	1	288.166666666667	74.8333333333333	0	0	0	0.0133630289532294	0	*	*
temp_vcf4_18VR004562.vcf	NS1	0.08003663003663	0	5.04166666666667	5	532	158	0.000150444793301936	0	0.00947681704260651	0.0316455696202531	0.00726010101010099	0.0798611111111109	*
temp_vcf4_18VR004563.vcf	NEP	0	0	0	1	288.166666666667	74.8333333333333	0	0	0	0.0133630289532294	0	*	*
temp_vcf4_18VR004563.vcf	NS1	0	0	5	5	532	158	0	0	0.0093984962406015	0.0316455696202531	0	*	*
temp_vcf4_18VR004622.vcf	NEP	0.0438828302378382	0	0.0223880597014925	1	288.151741293532	74.8482587064677	0.000152290699479536	0	7.76953823044451e-05	0.0133603642527169	0.0218868344842948	0.0437736689685897	*
temp_vcf4_18VR004622.vcf	NS1	0	0.0348736594617744	5	5.01772525849335	532	158	0	0.000220719363682117	0.0093984962406015	0.0317577548005908	0.00316564976449034	*	0.0348221474093937
temp_vcf4_18VR004624.vcf	NEP	0	0	0	1	288.166666666667	74.8333333333333	0	0	0	0.0133630289532294	0	*	*
temp_vcf4_18VR004624.vcf	NS1	0	0	5	5	532	158	0	0	0.0093984962406015	0.0316455696202531	0	*	*
temp_vcf4_18VR004851.vcf	NEP	0	0	0	0	288.166666666667	74.8333333333333	0	0	0	0	*	*	*
temp_vcf4_18VR004851.vcf	NS1	0	0	0	0	531.666666666667	158.333333333333	0	0	0	0	*	*	*
temp_vcf4_18VR004928.vcf	NEP	0	0	1	0	288.666666666667	74.3333333333333	0	0	0.00346420323325635	0	0	*	*
temp_vcf4_18VR004928.vcf	NS1	0	0	1	3	531.166666666667	158.833333333333	0	0	0.00188264825855036	0.0188877229800629	0	*	*
temp_vcf4_18VR004934.vcf	NEP	0	0	1	0	288.666666666667	74.3333333333333	0	0	0.00346420323325635	0	0	*	*
temp_vcf4_18VR004934.vcf	NS1	0	0.0201421001113849	1	3.01015965166909	531.166666666667	158.833333333333	0	0.000126812802380178	0.00188264825855036	0.0189516872088295	0.00402257325881936	*	0.0201128662940968
temp_vcf4_18VR004997.vcf	NEP	0	0.373613227639342	0	1.22030108490893	288.193754702784	74.806245297216	0	0.00499441224666367	0	0.0163128236160029	0.124246106985253	*	0.18636916047788
temp_vcf4_18VR004997.vcf	NS1	0.409685289312261	0	5.23862569223878	5	532.012216404887	157.987783595114	0.000770067447098754	0	0.00984681466083465	0.0316480166138279	0.0314396887036815	0.136238651049287	*
temp_vcf4_18VR005017.vcf	NEP	0	0	0	1	288.166666666667	74.8333333333333	0	0	0	0.0133630289532294	0	*	*
temp_vcf4_18VR005017.vcf	NS1	0	0	5	5	532	158	0	0	0.0093984962406015	0.0316455696202531	0	*	*
temp_vcf4_18VR005252.vcf	NEP	0	0	0	0	288.166666666667	74.8333333333333	0	0	0	0	*	*	*
temp_vcf4_18VR005252.vcf	NS1	0	0	1	2	531.833333333334	158.166666666667	0	0	0.00188028831087433	0.0126448893572181	0	*	*
temp_vcf4_18VR005296.vcf	NEP	0	0	0	0	288.166666666667	74.8333333333333	0	0	0	0	*	*	*
temp_vcf4_18VR005296.vcf	NS1	0	0	0	2	531.666666666667	158.333333333333	0	0	0	0.0126315789473684	0	*	*
temp_vcf4_18VR005308.vcf	NEP	0	0	0	1	288.166666666667	74.8333333333333	0	0	0	0.0133630289532294	0	*	*
temp_vcf4_18VR005308.vcf	NS1	0	0	5	5	532	158	0	0	0.0093984962406015	0.0316455696202531	0	*	*
