file	product	N_diffs	S_diffs	N_diffs_vs_ref	S_diffs_vs_ref	N_sites	S_sites	piN	piS	mean_dN_vs_ref	mean_dS_vs_ref	mean_gdiv_polymorphic	mean_N_gdiv	mean_S_gdiv
temp_vcf4_18VR002051.vcf	NEP	0	0	1	0	290.333333333333	72.6666666666667	0	0	0.0034443168771527	0	0	*	*
temp_vcf4_18VR002051.vcf	NS1	0.0448410758889253	0.0751434071463692	0.0226723269407183	1.03830375925217	504.3396642281	152.6603357719	8.89104686175244e-05	0.000492226135665297	4.49544791909609e-05	0.0068013983724205	0.0239897352359109	0.0224117951673495	0.0375625429224278
temp_vcf4_18VR002899.vcf	NEP	0	0	1	0	290.333333333333	72.6666666666667	0	0	0.0034443168771527	0	0	*	*
temp_vcf4_18VR002899.vcf	NS1	0	0	0	1	504.333333333334	152.666666666667	0	0	0	0.00655021834061135	0	*	*
temp_vcf4_18VR003450.vcf	NEP	0	0.0344017064135826	1	0.0175036465930402	290.333333333333	72.6666666666667	0	0.000473417978168568	0.0034443168771527	0.000240875870546425	0.0171972689489862	*	0.0343945378979724
temp_vcf4_18VR003450.vcf	NS1	0	0	0	1	504.333333333334	152.666666666667	0	0	0	0.00655021834061135	0	*	*
temp_vcf4_18VR003775.vcf	NEP	0.0820804994025734	0.0471486627284771	0.0428713858424726	0.0241524484821626	290.347623795281	72.6523762047192	0.000282697334766022	0.00064896243167081	0.00014765537007701	0.000332438520855892	0.0646025378328976	0.0820668602368368	0.0471382154289584
temp_vcf4_18VR003775.vcf	NS1	0.127836681139066	0.114863962206331	0.0662941931599628	0.0591729628194465	504.35410665479	152.645893345211	0.000253466125193197	0.000752486422589598	0.000131443746140325	0.000387648573588717	0.0606644886424855	0.0639076095332763	0.0574213677516947
temp_vcf4_18VR003821.vcf	NEP	0.209737043192834	0.103663659497726	0.119022808845664	0.0548313398736729	290.333333333333	72.6666666666667	0.000722400837633183	0.00142656412152834	0.00040995226927324	0.000754559723032196	0.156681243861483	0.209712759640305	0.103649728082661
temp_vcf4_18VR003821.vcf	NS1	0.31340070269056	0	0.173854148719337	0	504.31193617701	152.688063822991	0.000621442167453595	0	0.0003447353438375	0	0.156681243861483	0.156681243861483	*
temp_vcf4_18VR003996.vcf	NEP	0	0	0	0	290.333333333333	72.6666666666667	0	0	0	0	*	*	*
temp_vcf4_18VR003996.vcf	NS1	0	0	0	0	504.333333333334	152.666666666667	0	0	0	0	*	*	*
temp_vcf4_18VR003998.vcf	NEP	0	0	0	0	290.333333333333	72.6666666666667	0	0	0	0	*	*	*
temp_vcf4_18VR003998.vcf	NS1	0	0	0	0	504.333333333334	152.666666666667	0	0	0	0	*	*	*
temp_vcf4_18VR004000.vcf	NEP	0	0	0	0	290.333333333333	72.6666666666667	0	0	0	0	*	*	*
temp_vcf4_18VR004000.vcf	NS1	0.0662983907220508	0	0.0343245539507222	0	504.373378646276	152.626621353724	0.000131447046035605	0	6.80538573285694e-05	0	0.0662927578936123	0.0662927578936123	*
temp_vcf4_18VR004002.vcf	NEP	0	0	0	0	290.333333333333	72.6666666666667	0	0	0	0	*	*	*
temp_vcf4_18VR004002.vcf	NS1	0	0	0	0	504.333333333334	152.666666666667	0	0	0	0	*	*	*
temp_vcf4_18VR004172.vcf	NEP	0	0	0	0	290.333333333333	72.6666666666667	0	0	0	0	*	*	*
temp_vcf4_18VR004172.vcf	NS1	0	0	0	0	504.333333333334	152.666666666667	0	0	0	0	*	*	*
temp_vcf4_18VR004174.vcf	NEP	0.0340100538492519	0.0428887683704224	0.0172884440400364	0.0218978102189781	290.318734793187	72.6812652068127	0.00011714729286582	0.000590093860479499	5.95498738734587e-05	0.000301285484734869	0.0384078498693027	0.0339791074854219	0.0428365922531835
temp_vcf4_18VR004174.vcf	NS1	0.0343696187317254	0.219396584159418	0.0174772036474164	0.120581857213689	504.333333333334	152.666666666667	6.81486161237118e-05	0.0014370955294285	3.46540720041303e-05	0.000789837492666085	0.0845234591409226	0.0343435020001663	0.109613437711301
temp_vcf4_18VR004175.vcf	NEP	0	0	0	0	290.333333333333	72.6666666666667	0	0	0	0	*	*	*
temp_vcf4_18VR004175.vcf	NS1	0	0	0	0	504.333333333334	152.666666666667	0	0	0	0	*	*	*
temp_vcf4_18VR004235.vcf	NEP	0	0	0	0	290.333333333333	72.6666666666667	0	0	0	0	*	*	*
temp_vcf4_18VR004235.vcf	NS1	0	0	0	0	504.333333333334	152.666666666667	0	0	0	0	*	*	*
temp_vcf4_18VR004245.vcf	NEP	0	0	0	0	290.333333333333	72.6666666666667	0	0	0	0	*	*	*
temp_vcf4_18VR004245.vcf	NS1	0	0	0	0	504.333333333334	152.666666666667	0	0	0	0	*	*	*
temp_vcf4_18VR004246.vcf	NEP	0	0	0	0	290.333333333333	72.6666666666667	0	0	0	0	*	*	*
temp_vcf4_18VR004246.vcf	NS1	0	0	0	0	504.333333333334	152.666666666667	0	0	0	0	*	*	*
temp_vcf4_18VR004248.vcf	NEP	0.0409431755140882	0.0338738578387244	0.0208933717579251	0.0172320364148694	290.333333333333	72.6666666666667	0.000141021270427399	0.000466154006954923	7.19633929664469e-05	0.000237138115800955	0.0373919321103762	0.0409136775490204	0.0338701866717319
temp_vcf4_18VR004248.vcf	NS1	0.0338738578387244	0.0463213284236399	0.0172320364148694	0.0237208807573662	504.333333333334	152.666666666667	6.71656136921171e-05	0.000303414815002008	3.4167950591281e-05	0.000155376948192355	0.040093293909327	0.0338701866717319	0.0463164011469221
temp_vcf4_18VR004313.vcf	NEP	0	0	0	0	290.333333333333	72.6666666666667	0	0	0	0	*	*	*
temp_vcf4_18VR004313.vcf	NS1	0	0	0	0	504.333333333334	152.666666666667	0	0	0	0	*	*	*
temp_vcf4_18VR004375.vcf	NEP	0.0887205176725672	0.0931217360455181	0.0453651952397247	0.951062976333734	290.967375317556	72.0326246824442	0.000304915688831916	0.00129277166361833	0.000155911621329416	0.0132032253513806	0.0605827076995846	0.0443318701684241	0.0930843827619057
temp_vcf4_18VR004375.vcf	NS1	0.180686874555999	0.105917280385772	0.952242068862725	0.0544230223759212	504.317231283982	152.682768716019	0.000358280192203572	0.000693708145827328	0.00188818071204574	0.000356445084364072	0.0716256983498424	0.0903095155436762	0.0529418811560087
temp_vcf4_18VR004380.vcf	NEP	0.141654365718604	0	0.06	1	290.956254796623	72	0.000486857949892227	0	0.000206216566961036	0.0138888888888889	0.0471794049860733	0.0707691074791099	*
temp_vcf4_18VR004380.vcf	NS1	0.0717785421602007	0	0.0372560615020698	0	504.320914646167	152.679085353834	0.000142327117665863	0	7.38737189359057e-05	0	0.0717360947668475	0.0717360947668475	*
temp_vcf4_18VR004487.vcf	NEP	0	0	1	0	290.333333333333	72.6666666666667	0	0	0.0034443168771527	0	0	*	*
temp_vcf4_18VR004487.vcf	NS1	0.0422841112171324	0	0.0216042780748663	2	504.525204991088	152.474795008913	8.38097101964992e-05	0	4.28210084672538e-05	0.0131169220452672	0.0140916888291534	0.0422750664874603	*
temp_vcf4_18VR004556.vcf	NEP	0.0529320328945493	0	0.0268379632778531	0	290.336778384763	72.663221615237	0.000182312530947775	0	9.2437353018661e-05	0	0.0264588051591542	0.0264588051591542	*
temp_vcf4_18VR004556.vcf	NS1	0.0529320328945493	0	0.0268379632778531	0	504.336778384764	152.663221615237	0.000104953743536362	0	5.32143687077648e-05	0	0.0264588051591542	0.0264588051591542	*
temp_vcf4_18VR004638.vcf	NEP	0	0	0	0	290.333333333333	72.6666666666667	0	0	0	0	*	*	*
temp_vcf4_18VR004638.vcf	NS1	0	0	0	0	504.333333333334	152.666666666667	0	0	0	0	*	*	*
temp_vcf4_18VR004659.vcf	NEP	0	0	0	0	290.333333333333	72.6666666666667	0	0	0	0	*	*	*
temp_vcf4_18VR004659.vcf	NS1	0	0	0	0	504.333333333334	152.666666666667	0	0	0	0	*	*	*
temp_vcf4_18VR004845.vcf	NEP	0	0	0	0	290.333333333333	72.6666666666667	0	0	0	0	*	*	*
temp_vcf4_18VR004845.vcf	NS1	0	0	0	0	504.333333333334	152.666666666667	0	0	0	0	*	*	*
temp_vcf4_18VR004864.vcf	NEP	0	0	0	0	290.333333333333	72.6666666666667	0	0	0	0	*	*	*
temp_vcf4_18VR004864.vcf	NS1	0	0	0	0	504.333333333334	152.666666666667	0	0	0	0	*	*	*
