file	product	N_diffs	S_diffs	N_diffs_vs_ref	S_diffs_vs_ref	N_sites	S_sites	piN	piS	mean_dN_vs_ref	mean_dS_vs_ref	mean_gdiv_polymorphic	mean_N_gdiv	mean_S_gdiv
temp_vcf4_19VR002740.vcf	NA	0	0	0	2	1087.83333333333	319.166666666667	0	0	0	0.00626631853785901	0	*	*
temp_vcf4_19VR002744.vcf	NA	0	0	0	2	1087.83333333333	319.166666666667	0	0	0	0.00626631853785901	0	*	*
temp_vcf4_19VR003000.vcf	NA	0	0.0402381647306053	1	2.02051835853132	1087.83333333333	319.166666666667	0	0.000126072578790408	0.000919258464838365	0.00633060582307462	0.0100486777472489	*	0.0401947109889955
temp_vcf4_19VR003002.vcf	NA	0	0	5	6	1087.5	319.5	0	0	0.00459770114942529	0.0187793427230047	0	*	*
temp_vcf4_19VR003004.vcf	NA	0	0	0	2	1087.83333333333	319.166666666667	0	0	0	0.00626631853785901	0	*	*
temp_vcf4_19VR003005.vcf	NA	0.275644833384525	0.022802289796374	1.14416664911984	2.01152073732719	1087.81932765118	319.180672348817	0.000253392108761017	7.1440070692797e-05	0.00105179841912748	0.00630213829216105	0.0331184416756608	0.0550579910407386	0.0227760198772538
temp_vcf4_19VR003124.vcf	NA	0	0.0550039361080779	1	2.02826379542396	1088.16666666667	318.833333333333	0	0.000172516265890469	0.000918976872415379	0.00636151739286134	0.0137324766460948	*	0.0549299065843794
temp_vcf4_19VR003216.vcf	NA	0	0.497520436424378	1	2.46375519904932	1088.24395919984	318.756040800159	0	0.00156081884809297	0.000918911602077972	0.00772928159373754	0.124343157202023	*	0.497372628808091
temp_vcf4_19VR003219.vcf	NA	0.0654848153869022	0.0576087295656546	0.966125290023202	2.02967465141223	1088.16032087191	318.83967912809	6.01793817793606e-05	0.000180682434893905	0.000887851975018788	0.0063658157509211	0.0307606402382881	0.0654544280015719	0.0575881329515804
temp_vcf4_19VR003231.vcf	NA	0.483503364445409	0.482871464561203	0.404411764705882	2.40287769784173	1087.83333333333	319.166666666667	0.000444464560544271	0.0015129132048915	0.000371758937986103	0.00752859853109679	0.240715073848417	0.481725778546713	0.481134516846954
temp_vcf4_19VR003237.vcf	NA	0	0.0256373256373256	0	2.01296296296296	1087.83333333333	319.166666666667	0	8.03258244511508e-05	0	0.0063069335654192	0.00852994970278923	*	0.0255898491083677
temp_vcf4_19VR003316.vcf	NA	0.187462189756563	0.119037394927139	0.102036736973793	2.06123006067442	1087.76913426368	319.230865736317	0.000172336375294798	0.000372888112346452	9.38036700617197e-05	0.00645686329835345	0.0437731458582347	0.093703833230914	0.0396681181819383
temp_vcf4_19VR003317.vcf	NA	0.0244786417903672	0	0.0123809523809524	2	1087.81682539682	319.183174603175	2.25025401509465e-05	0	1.13814679934151e-05	0.00626599444813	0.00815177626606197	0.0244553287981859	*
temp_vcf4_19VR003373.vcf	NA	0	0.156232750224167	1	2.91462891462891	1088.3191048191	318.680895180895	0	0.000490248247029314	0.000918848153608602	0.00914591667936185	0.0390414315768241	*	0.156165726307296
temp_vcf4_19VR003464.vcf	NA	0.0860857876479237	0.0225959805488489	10.0441120105925	12.0114258509879	1086.84803733686	320.151962663136	7.92068299252417e-05	7.05789224619698e-05	0.0092415054041997	0.037517889164485	0.00434427967565531	0.0430081950286281	0.0225906018341266
temp_vcf4_19VR003468.vcf	NA	0.643414992129837	0.0832680295445242	10.3357385562374	12.0189276883971	1086.78975396848	320.117109629645	0.000592032626163769	0.000260117397788765	0.00951033860826884	0.0375454086234323	0.0220112453810253	0.0714587447943687	0.0416211972122583
temp_vcf4_19VR003542.vcf	NA	0	0	2	2	1088.16666666667	318.833333333333	0	0	0.00183795374483076	0.00627286983795086	0	*	*
temp_vcf4_19VR003675.vcf	NA	0.11215303968068	0.0282778504140266	0.0576741005680623	2.01431492842536	1087.8537414966	319.146258503401	0.000103095696969693	8.86046746925132e-05	5.30164105412903e-05	0.00631157306330724	0.028045863299038	0.0560046469980602	0.0282200224990694
temp_vcf4_19VR003676.vcf	NA	0	0	10	12	1086.83333333333	320.166666666667	0	0	0.00920104278484896	0.0374804789172306	0	*	*
temp_vcf4_19VR003677.vcf	NA	0.0484656261075173	0.0759165415360225	2.02452887480048	2.03842596520078	1088.16269545793	318.83730454207	4.45389520425727e-05	0.000238104326107817	0.00186050200328592	0.0063933107455179	0.0138095905805535	0.0242148105010765	0.0252855647409428
temp_vcf4_19VR003678.vcf	NA	0	0	10	12	1086.83333333333	320.166666666667	0	0	0.00920104278484896	0.0374804789172306	0	*	*
temp_vcf4_19VR003752.vcf	NA	0.0233750365234946	0	4.01182033096927	6	1087.82742316785	319.172576832151	2.14878169327856e-05	0	0.00368791983501069	0.0187986075105548	0.00212374740818984	0.0233612214900882	*
temp_vcf4_19VR003890.vcf	NA	0	0	10	12	1086.83333333333	320.166666666667	0	0	0.00920104278484896	0.0374804789172306	0	*	*
temp_vcf4_19VR003891.vcf	NA	0.131179915693796	0	10.0682825682826	12	1086.85309118642	320.146908813576	0.000120697007495832	0	0.00926370146060118	0.0374827920234198	0.00545261619133109	0.0654313942959731	*
temp_vcf4_19VR003895.vcf	NA	0	0	0	2	1087.83333333333	319.166666666667	0	0	0	0.00626631853785901	0	*	*
temp_vcf4_19VR003909.vcf	NA	0	0	2	2	1088.16666666667	318.833333333333	0	0	0.00183795374483076	0.00627286983795086	0	*	*
temp_vcf4_19VR003913.vcf	NA	0.374818777951233	0.0554423884544768	1.02052259761081	2.02852614896989	1088.26823714787	318.731762852124	0.000344417640023709	0.000173946857251875	0.000937749134611694	0.00636436773924858	0.0430100860568238	0.053525149282652	0.0554248155896735
temp_vcf4_19VR003920.vcf	NA	0.22640878186549	0.0368310131754383	2.11753478752152	2.01871657754011	1088.22231742017	318.777682579827	0.000208053794009879	0.000115538242443353	0.00194586598126522	0.00633267850246885	0.0327964709906045	0.0752130777980839	0.0367325345305842
temp_vcf4_19VR004002.vcf	NA	0	0	10	12	1086.83333333333	320.166666666667	0	0	0.00920104278484896	0.0374804789172306	0	*	*
temp_vcf4_19VR004328.vcf	NA	0	0	4	5	1087.83333333333	319.166666666667	0	0	0.00367703385935346	0.0156657963446475	0	*	*
temp_vcf4_19VR004453.vcf	NA	0	0	1	0	1087.16666666667	319.833333333333	0	0	0.000919822167714243	0	0	*	*
temp_vcf4_19VR004454.vcf	NA	0.355417805135883	0.131907941056751	1.19271221532091	0.0683850983876196	1087.11309523809	319.886904761905	0.000326937286187359	0.000412358052465233	0.00109713719809409	0.00021377898679072	0.0810252138386961	0.118121338161394	0.065893634273998
temp_vcf4_19VR004455.vcf	NA	0.261786621625925	0	1.13327497836239	0	1087.1525063692	319.8474936308	0.000240800274195405	0	0.00104242502475318	0	0.0290622768331248	0.0326950614372654	*
temp_vcf4_19VR004458.vcf	NA	0	0	1	0	1087.16666666667	319.833333333333	0	0	0.000919822167714243	0	0	*	*
temp_vcf4_19VR004462.vcf	NA	0.0201999983987318	0.271669524198378	0	2.16204217536071	1087.81293317641	319.156466588205	1.85693677494235e-05	0.000851211091232261	0	0.00677423897586356	0.0729402728132936	0.0201920737230163	0.271569017530158
temp_vcf4_19VR004469.vcf	NA	0.0211346986821157	0.0378983909177731	2.01067746686303	2.01931761164074	1088.16666666667	318.833333333333	1.94222992943321e-05	0.000118865836647485	0.00184776608993387	0.00633345826965209	0.00983596669522091	0.0211269171288453	0.0378888830424802
temp_vcf4_19VR004555.vcf	NA	0.0805529663530175	0.0447840790842872	1.04115276752768	2.02289281997919	1088.17044305043	318.82955694957	7.40260561821604e-05	0.000140464013163531	0.000956791993549328	0.00634474682753192	0.0208661452432914	0.0402296969572854	0.0447374775451777
temp_vcf4_19VR004571.vcf	NA	0.0347531831328318	0	1.01767955801105	0	1087.17845303867	319.821546961326	3.19664016847431e-05	0	0.000936074068766381	0	0.0173669912395836	0.0347339824791673	*
temp_vcf4_19VR004578.vcf	NA	0	0	1	0	1087.16666666667	319.833333333333	0	0	0.000919822167714243	0	0	*	*
temp_vcf4_19VR004702.vcf	NA	0.0560352414660787	0	1.02883922134102	0	1087.17627974045	319.823720259553	5.1542001522933e-05	0	0.000946340754957099	0	0.0280075206534672	0.0560150413069345	*
temp_vcf4_19VR004825.vcf	NA	0	0	1	0	1087.16666666667	319.833333333333	0	0	0.000919822167714243	0	0	*	*
temp_vcf4_19VR005044.vcf	NA	0.1484895688002	0	0.0751782516131319	1	1087.81591577635	319.184084223648	0.000136502478633277	0	6.91093506932915e-05	0.0031329882955546	0.021203028383333	0.0247368664472219	*
temp_vcf4_19VR005160.vcf	NA	0.233729011359674	0.204957449055557	0.0935610045377301	2.10559305324193	1087.78757892612	319.135175564897	0.000214866409478967	0.000642227697691941	8.60103630068058e-05	0.00659780937502377	0.0365245490573257	0.0389174217458644	0.0511975145531804
temp_vcf4_19VR005334.vcf	NA	0.198388904164711	0.0543876244130762	1.07769688638612	0.0275707547169811	1087.10337265654	319.827620913503	0.000182493136489782	0.000170052931193786	0.000991347201648878	8.62050458250996e-05	0.0252612337672803	0.028322181744795	0.0271785327296191
temp_vcf4_19VR005339.vcf	NA	0.0296801549677317	0	0.015058561070831	1	1087.83333333333	319.166666666667	2.72837336918018e-05	0	1.38427097326469e-05	0.0031331592689295	0.0148318008093071	0.0296636016186143	*
temp_vcf4_19VR005340.vcf	NA	0	0	5	4	1087.83333333333	319.166666666667	0	0	0.00459629232419182	0.012532637075718	0	*	*
temp_vcf4_19VR005507.vcf	NA	0.0298074143719765	0.0303471934609163	5.01511335012594	4.01540216771249	1087.83333333333	319.166666666667	2.74007179763841e-05	9.50825904780668e-05	0.00461018539922716	0.012580894520248	0.00546361413021171	0.0297698735478304	0.0303298818844984
temp_vcf4_19VR005510.vcf	NA	0	0	0	1	1087.83333333333	319.166666666667	0	0	0	0.0031331592689295	0	*	*
temp_vcf4_19VR005511.vcf	NA	0.0355005471268447	0.137112381916717	0.0180699730872741	2.07399463806971	1087.82100089365	319.178999106345	3.26345484208162e-05	0.000429578331596415	1.66111640356543e-05	0.00649790444821429	0.0431314403832689	0.0354868983197986	0.137038863213277
temp_vcf4_19VR005512.vcf	NA	0.0257929243307458	0.107431977297113	0.0130624092888244	2.05533836089608	1087.83768746976	319.162312530237	2.37102691218011e-05	0.000336606087496422	1.20076822482651e-05	0.00643979028915375	0.0266268936571087	0.0257835655047913	0.0536754513903761
temp_vcf4_19VR005517.vcf	NA	0.278373222889811	0.255756631398559	0.144427003153439	1.1356060674521	1087.79941906108	319.200580938923	0.000255904919612925	0.000801241121323323	0.000132769884431544	0.00355765664370577	0.0593132893600393	0.055651436403769	0.0851874740738364
temp_vcf4_19VR005524.vcf	NA	0	0.0323215666396106	0	1.01642129105323	1087.83333333333	319.166666666667	0	0.000101268616103219	0	0.00318460978920071	0.0161516322533728	*	0.0323032645067456
temp_vcf4_19VR005611.vcf	NA	0.101634097743084	0.0571119642332759	0.0514738741796266	1.02895478244839	1087.83674048836	319.163259511641	9.34277120457048e-05	0.00017894279034706	4.73176463561239e-05	0.00322391362972925	0.0226576881042883	0.0253923735543353	0.0285171612563384
temp_vcf4_19VR005613.vcf	NA	0.0316187360928803	0.035836212973985	1.01605504587156	0.0182370820668693	1087.16666666667	319.833333333333	2.90836143733377e-05	0.000112046523107822	0.000934589954810573	5.70205796775486e-05	0.0224678481854514	0.0315945627472434	0.035808981809111
temp_vcf4_19VR005785.vcf	NA	0	0	0	1	1087.83333333333	319.166666666667	0	0	0	0.0031331592689295	0	*	*
temp_vcf4_19VR005799.vcf	NA	0.257858660119449	0	0.136834167500834	1	1087.88738738739	319.112612612613	0.000237026978259863	0	0.000125779716804556	0.00313368999054247	0.0642869206842255	0.085715894245634	*
temp_vcf4_19VR005803.vcf	NA	0	0	0	1	1087.83333333333	319.166666666667	0	0	0	0.0031331592689295	0	*	*
temp_vcf4_19VR005806.vcf	NA	0.490260242745322	0.226510426150865	0.279226947540406	2.12079639455164	1087.95046429381	319.049535706189	0.000450627357435387	0.000709953787111785	0.000256654100259659	0.00664723234859891	0.0795977065144577	0.0979942492127106	0.113204056283283
temp_vcf4_19VR005946.vcf	NA	0.172747676023424	0.0226878806578841	5.09050504662654	5.01145662847791	1087.8082470994	319.191752900596	0.000158803425589068	7.10791568131452e-05	0.00467959776936805	0.0157004577434637	0.015018248233915	0.086293239378623	0.0226507482836487
temp_vcf4_19VR005949.vcf	NA	0	0	0	1	1087.83333333333	319.166666666667	0	0	0	0.0031331592689295	0	*	*
temp_vcf4_19VR006103.vcf	NA	0	0	0	1	1087.83333333333	319.166666666667	0	0	0	0.0031331592689295	0	*	*
temp_vcf4_19VR006108.vcf	NA	0.188247337705241	0.14399449795947	0.0980755341726019	2.07535753575358	1087.79623878537	319.203761214631	0.000173053859714976	0.000451105267091915	9.01598393850975e-05	0.00650167005506591	0.0473866577246812	0.0626495363037719	0.0718789975807262
temp_vcf4_19VR006112.vcf	NA	0	0	0	1	1087.83333333333	319.166666666667	0	0	0	0.0031331592689295	0	*	*
temp_vcf4_19VR006113.vcf	NA	0.288611379627463	0	1.15231822856319	2	1087.88211450936	319.117885490638	0.000265296557207973	0	0.00105923078722816	0.00626727642333503	0.0411954891227456	0.0479890793910254	*
temp_vcf4_19VR006329.vcf	NA	0.023901277332756	0	0.0120805369127517	5	1087.82527964206	319.174720357942	2.19716141737583e-05	0	1.11052180334757e-05	0.0156654010517897	0.0039781991802171	0.0238691950813026	*
temp_vcf4_19VR006332.vcf	NA	0	0.122589674785971	1	2.06556645851918	1088	319	0	0.000384293651366681	0.000919117647058824	0.00647512996400997	0.030633749018216	*	0.122534996072864
temp_vcf4_19VR006520.vcf	NA	0	0	5	4	1087.83333333333	319.166666666667	0	0	0.00459629232419182	0.012532637075718	0	*	*
temp_vcf4_19VR006679.vcf	NA	0	0	0	1	1087.83333333333	319.166666666667	0	0	0	0.0031331592689295	0	*	*
temp_vcf4_19VR006682.vcf	NA	0.0829830298458401	0.0911875700668272	0.0420499500653572	3.04630967953452	1087.84629076724	319.153709232763	7.62819440118823e-05	0.000285716779811332	3.86543121231771e-05	0.00954496091196235	0.0193341922687706	0.027624285389741	0.0303782914165707
temp_vcf4_19VR006818.vcf	NA	0	0	0	1	1087.83333333333	319.166666666667	0	0	0	0.0031331592689295	0	*	*
temp_vcf4_19VR007032.vcf	NA	0	0.0210380823601035	5	5.01062573789847	1087.16666666667	319.833333333333	0	6.57782668893283e-05	0.00459911083857122	0.0156663649960348	0.00191142392592333	*	0.0210256631851566
temp_vcf4_19VR007126.vcf	NA	0	0.0567606254942878	0	2.02922636103152	1087.83333333333	319.166666666667	0	0.000177840079877664	0	0.00635788938182199	0.018914787234916	*	0.0567443617047481
temp_vcf4_19VR007190.vcf	NA	0.0390485770635153	0.024939698121952	0.0198807157057654	4.01261467889908	1087.8465871438	319.153412856196	3.58952976688003e-05	7.81432913367882e-05	1.82752935392878e-05	0.0125726829708291	0.0106470072080492	0.038970945697584	0.0249110975507112
temp_vcf4_19VR007191.vcf	NA	0	0.0281644281644281	1	2.98575498575499	1088	319	0	8.82897434621572e-05	0.000919117647058824	0.00935973349766453	0.00702104690708677	*	0.0280841876283471
temp_vcf4_19VR007270.vcf	NA	0	0	1	3	1088	319	0	0	0.000919117647058824	0.00940438871473354	0	*	*
temp_vcf4_19VR007359.vcf	NA	0	0.0918728579910528	0	4.04823848238482	1087.83333333333	319.166666666667	0	0.000287852296577711	0	0.0126837759239211	0.0183646124808132	*	0.0918230624040659
temp_vcf4_19VR007474.vcf	NA	0	0	0	3	1087.83333333333	319.166666666667	0	0	0	0.00939947780678851	0	*	*
temp_vcf4_19VR007493.vcf	NA	0	0	0	2	1087.83333333333	319.166666666667	0	0	0	0.00626631853785901	0	*	*
temp_vcf4_19VR007606.vcf	NA	0.22185222585706	0.0253125752698767	0.113651273993557	1.01280956447481	1087.80216734451	319.197832655485	0.000203945379515683	7.93005862831059e-05	0.000104477888907867	0.00317298383904739	0.0352815037279222	0.0443359134059816	0.0252909590655472
temp_vcf4_19VR007749.vcf	NA	0	0	1	3	1088	319	0	0	0.000919117647058824	0.00940438871473354	0	*	*
temp_vcf4_19VR008338.vcf	NA	0	0	2	3	1088	319	0	0	0.00183823529411765	0.00940438871473354	0	*	*
temp_vcf4_19VR008902.vcf	NA	0.0231331667943672	0.0283928514270472	5.01169970750731	5.0144	1087.16081681291	319.839183187087	2.12785141228542e-05	8.87722734410533e-05	0.00460989729394356	0.0156778789578976	0.00429257739192594	0.0231256487031113	0.02838528
temp_vcf4_19VR009188.vcf	NA	0.502301525260168	0	5.27198278299401	5	1087.09933368676	319.90066631324	0.000462056695000149	0	0.00484958698770861	0.0156298517837537	0.0357566825986978	0.125148389095442	*
