file	sites	sites_coding	sites_noncoding	pi	pi_coding	pi_noncoding	N_sites	S_sites	piN	piS	mean_dN_vs_ref	mean_dS_vs_ref	mean_gdiv_polymorphic	mean_N_gdiv	mean_S_gdiv	mean_gdiv	sites_polymorphic	mean_gdiv_coding_poly	sites_coding_poly	mean_gdiv_noncoding_poly	sites_noncoding_poly
temp_vcf4_18VR002051.vcf	1755	1701	54	0.000164606399421602	0.00016983199940324	0	2609.92482434544	786.005376996839	0.000221373603017369	0	0.000105325596135205	0.0101780474207013	0.0481241438425844	0.0481241438425844	*	0.000164526987496015	12	0.0288744863055507	10	0	2
temp_vcf4_18VR002899.vcf	1755	1701	54	0.000116609918618365	8.67450106050201e-05	0.00105735452103873	2612	783.999999999998	0	0.000376411385303927	0.00382848392036753	0.033367825130573	0.0140490331156394	*	0.147514847714214	0.000116525245951466	21	0.00776393935337966	19	0.0284934794653045	2
temp_vcf4_18VR003450.vcf	1755	1701	54	1.36380772737748e-05	1.40710321078629e-05	0	2612.01614583333	783.983854166665	1.83267057163145e-05	0	0.0038377323072794	0.033163948290283	0.00251847116570723	0.0239254760742187	*	1.36327498998397e-05	19	0.00125923558285362	19	*	0
temp_vcf4_18VR003775.vcf	1755	1701	54	0.000129194674905553	0.000133296093156523	0	2610.00933736362	785.990662636379	0.000141394169197952	0.000107422659169839	7.25715169815883e-05	0.0051440003705273	0.064760675838414	0.0461141185145222	0.0422058913763601	0.000129152344976894	7	0.032380337919207	7	*	0
temp_vcf4_18VR003821.vcf	1755	1701	54	2.01724702250465e-05	2.08128661052067e-05	0	2610.02402402402	785.975975975974	2.71282447357509e-05	0	1.38067832726218e-05	0.00763382111336112	0.0176933690447204	0.0353867380894408	*	2.01633835267469e-05	4	0.0088466845223602	4	*	0
temp_vcf4_18VR003996.vcf	1755	1701	54	2.73649730214867e-05	2.82337023237562e-05	0	2610.01726796176	785.982732038234	1.96001141469378e-05	5.71188362007236e-05	9.92405029792235e-06	0.00766262844006371	0.0192010490755635	0.0255664873292878	0.022436135359621	2.7351921760062e-05	5	0.00960052453778175	5	*	0
temp_vcf4_18VR003998.vcf	1755	1701	54	3.04409857989183e-05	3.14073663004713e-05	0	2610.02139037433	785.978609625666	2.4201956422617e-05	5.55743320076724e-05	1.22932178317222e-05	0.00766188724781994	0.0213626216659361	0.0315708198690268	0.0218357342958134	3.04310849942109e-05	5	0.010681310832968	5	*	0
temp_vcf4_18VR004000.vcf	1755	1701	54	7.71668052564364e-05	7.96165451058471e-05	0	2610	785.999999999998	2.45744868723942e-05	0.000262997551797893	1.24878514922983e-05	0.00777265163556048	0.0541570456405669	0.0320621310403286	0.103330483061089	7.71467886617762e-05	5	0.0270785228202835	5	*	0
temp_vcf4_18VR004002.vcf	1755	1701	54	9.69411371317137e-05	0.000100018633548594	0	2609.89316358302	785.94273895303	8.49566529448302e-05	0.000150819643385994	2.24308005954547e-05	0.00771067240457843	0.0425128593445147	0.0369368821990539	0.0296203953904485	9.68954059134237e-05	8	0.0212564296722573	8	*	0
temp_vcf4_18VR004172.vcf	1755	1701	54	0.000141236487595811	0.000145720185614725	0	2610.01189746041	785.988102539592	8.06837724048786e-05	0.000362797432469037	4.10670431997761e-05	0.00527396048265027	0.0550569197483172	0.0350802997571449	0.0356288098989981	0.000141171589098249	9	0.0275284598741586	9	*	0
temp_vcf4_18VR004174.vcf	1755	1701	54	0.000276277641109674	0.00028504835987506	0	2610.09121374114	785.908786258854	0.000371532808964556	0	0.00020361207854816	0.00508964916786478	0.138208118926768	0.0967456832487378	*	0.000275628727204381	7	0.0691040594633841	7	*	0
temp_vcf4_18VR004175.vcf	1755	1701	54	0	0	0	2610	785.999999999998	0	0	0	0.00763358778625956	0	*	*	0	3	0	3	*	0
temp_vcf4_18VR004235.vcf	1755	1701	54	9.24668791724694e-05	9.54023356541351e-05	0	2610.02126627883	785.978733721167	7.51725054717024e-05	0.000163308372692305	3.8265757604231e-05	0.00517233223429052	0.0463320940877879	0.0326771766613576	0.0320653996615925	9.24001876394632e-05	7	0.023166047043894	7	*	0
temp_vcf4_18VR004245.vcf	1755	1701	54	4.00213674332481e-05	4.12918870343036e-05	0	2610.03000365898	785.969996341015	3.37290375805167e-05	6.67216304122859e-05	1.7243283951185e-05	0.00512303888887446	0.0350975090065022	0.0439927414778032	0.0262022765352012	3.99971612609712e-05	4	0.0175487545032511	4	*	0
temp_vcf4_18VR004246.vcf	1755	1701	54	0	0	0	2610	785.999999999998	0	0	0	0.00508905852417304	0	*	*	0	2	0	2	*	0
temp_vcf4_18VR004248.vcf	1755	1701	54	0.000103904549836528	0.000107203106974196	0	2610.00725163162	785.992748368381	1.65010060290773e-05	0.00040921144018031	8.33518559679929e-06	0.0078476182430275	0.0607646782917518	0.021518257126345	0.0803878888744551	0.000103871244943165	6	0.0303823391458759	6	*	0
temp_vcf4_18VR004313.vcf	1755	1701	54	2.88992182661363e-05	2.98166537666485e-05	0	2610	785.999999999998	0	0.000129053760959464	0	0.00769980686103193	0.0253468427928581	*	0.0506936855857163	2.88852909320321e-05	4	0.0126734213964291	4	*	0
temp_vcf4_18VR004375.vcf	1755	1701	54	0.000170181796171464	0.00017558439287532	0	2609.92298304638	786.077016953623	0.000189805766419771	0.000129706975613259	9.83425627260912e-05	0.00515421207365828	0.074589398343833	0.061857603992177	0.025463588703312	0.000170004326709591	8	0.0372946991719165	8	*	0
temp_vcf4_18VR004380.vcf	1755	1701	54	4.95187472952621e-05	5.10907710189212e-05	0	2610	785.999999999998	0	0.000221133337158232	0	0.00520480663313831	0.0578930094421014	*	0.0868395141631522	4.94812046513688e-05	3	0.0289465047210507	3	*	0
temp_vcf4_18VR004487.vcf	1755	1701	54	0.000234001709005975	0.000241430334688705	0	2610.528984597	785.389104140202	0.000172384704381687	0.000472798424836699	0.00314232721477042	0.0231423253515578	0.0390950952460681	0.0374860818888378	0.0927910043753443	0.00023390227924998	21	0.0195475476230341	21	*	0
temp_vcf4_18VR004556.vcf	1755	1701	54	7.83810069310048e-05	8.08692928653225e-05	0	2609.9816024955	785.955990372252	8.92601581957553e-05	5.3628910673617e-05	3.73742326358558e-05	0.00766110755456225	0.0343779940570501	0.0291113261879301	0.02106667147648	7.83544024092309e-05	8	0.017188997028525	8	*	0
temp_vcf4_18VR004638.vcf	1755	1701	54	8.37615469717452e-05	8.6420643701007e-05	0	2610.03527013347	785.964729866531	9.35976430546893e-05	6.32469605921952e-05	4.79536063155327e-05	0.00512130109056612	0.0489774509705064	0.0406956295104728	0.024845464380101	8.37221384111221e-05	6	0.0244887254852532	6	*	0
temp_vcf4_18VR004659.vcf	1755	1701	54	4.36124820721289e-05	2.14224899529805e-05	0.000742597233825304	2609.98762759047	786.012372409525	2.79232399608428e-05	0	1.42212277897012e-05	0.00763346762800562	0.0145713537006105	0.0364283842515263	*	4.35394441745936e-05	5	0.00910709606288157	4	0.0399833402748855	1
temp_vcf4_18VR004845.vcf	1755	1701	54	1.95008755637255e-05	2.0119950978447e-05	0	2610	785.999999999998	2.62253154132861e-05	0	1.33409165911852e-05	0.00763358778625956	0.0171067916674907	0.0342135833349815	*	1.94949192791918e-05	4	0.00855339583374538	4	*	0
temp_vcf4_18VR004864.vcf	1755	1701	54	1.84093104735152e-05	1.899373302823e-05	0	2610.02189265537	785.978107344631	2.47571409051665e-05	0	1.25818803065433e-05	0.00763380041241932	0.0161498918234703	0.0322997836469405	*	1.84044351264618e-05	4	0.00807494591173513	4	*	0
