file	sites	sites_coding	sites_noncoding	pi	pi_coding	pi_noncoding	N_sites	S_sites	piN	piS	mean_dN_vs_ref	mean_dS_vs_ref	mean_gdiv_polymorphic	mean_N_gdiv	mean_S_gdiv	mean_gdiv	sites_polymorphic	mean_gdiv_coding_poly	sites_coding_poly	mean_gdiv_noncoding_poly	sites_noncoding_poly
temp_vcf4_19VR002740.vcf	2316	2280	36	0	0	0	1762.16666666667	514.833333333331	0	0	0	0.00388475234703789	0	*	*	0	2	0	2	*	0
temp_vcf4_19VR002744.vcf	2316	2280	36	0	0	0	1762.16666666667	514.833333333331	0	0	0	0.00388475234703789	0	*	*	0	2	0	2	*	0
temp_vcf4_19VR003000.vcf	2316	2280	36	0	0	0	1762.16666666667	514.833333333331	0	0	0	0.00388475234703789	0	*	*	0	2	0	2	*	0
temp_vcf4_19VR003002.vcf	2316	2280	36	2.59318688387607e-05	2.63413193993727e-05	0	1761.00000000001	515.999999999998	0	0.000116391876415833	0.000567859170925609	0.0291288531800969	0.00333542848866799	*	0.0300188563980119	2.59230193419792e-05	18	0.00333542848866799	18	*	0
temp_vcf4_19VR003004.vcf	2316	2280	36	9.30406459697083e-06	9.45097088008089e-06	0	1762.17392676768	514.826073232321	0	4.1855326928752e-05	0	0.00390596019912091	0.00718103741008573	*	0.0215431122302572	9.30186193016283e-06	3	0.00718103741008571	3	*	0
temp_vcf4_19VR003005.vcf	2316	2280	36	0.000437199657974316	0.000444102810468647	0	1761.87993877187	514.879743405315	0.000204854452161103	0.00126558767670299	6.07863472221181e-05	0.00443198193538418	0.0481343120467052	0.0600295364095118	0.0464745238945527	0.000436451015967534	21	0.0481343120467052	21	*	0
temp_vcf4_19VR003124.vcf	2316	2280	36	1.1656343009115e-05	1.18403905303115e-05	0	1762.15754763068	514.842452369319	1.5319907374575e-05	0	7.76238991787528e-06	0.00388468353919912	0.00899430076160882	0.0269829022848265	*	1.16506486549337e-05	3	0.00899430076160882	3	*	0
temp_vcf4_19VR003216.vcf	2316	2280	36	6.58669972572734e-05	6.6907002477125e-05	0	1762.11121764142	514.888782358579	8.65711336041716e-05	0	4.7201071668366e-05	0.00388433399313633	0.0508371336463057	0.152511400938917	*	6.58512093864064e-05	3	0.0508371336463057	3	*	0
temp_vcf4_19VR003219.vcf	2316	2280	36	0	0	0	1762.16666666667	514.833333333331	0	0	0	0.00388475234703789	0	*	*	0	2	0	2	*	0
temp_vcf4_19VR003231.vcf	2316	2280	36	0.000105646627954434	0.000107314732606346	0	1762.25247584382	514.747524156179	0.000138843663831603	0	7.51033438971205e-05	0.00388539994102659	0.0486831806958711	0.0811386344931185	*	0.000105101858151708	5	0.0486831806958711	5	*	0
temp_vcf4_19VR003237.vcf	2316	2280	36	8.3642092274717e-05	8.4962756889581e-05	0	1762.18390426	514.816095740007	6.67213367505865e-05	0.000147897124129744	3.38276762542777e-05	0.00396029484369777	0.0241739061142322	0.0293498114595294	0.03799600153787	8.35022663704048e-05	8	0.0241739061142322	8	*	0
temp_vcf4_19VR003316.vcf	2316	2280	36	6.02355947565663e-05	6.11866830948278e-05	0	1762.1741181938	514.825881806202	3.6038072075412e-05	0.000147623268878162	1.83370067058933e-05	0.00396008947892014	0.0232447502513656	0.0317442474582699	0.037990003295827	6.02195602366985e-05	6	0.0232447502513656	6	*	0
temp_vcf4_19VR003317.vcf	2316	2280	36	0	0	0	1762.16666666667	514.833333333331	0	0	0	0.00388475234703789	0	*	*	0	2	0	2	*	0
temp_vcf4_19VR003373.vcf	2316	2280	36	2.10957245936388e-05	2.14288149819594e-05	0	1762.16666666667	514.833333333331	0	9.49000287967644e-05	0	0.00393278501831141	0.0122106006724836	*	0.0244212013449673	2.10891203324415e-05	4	0.0122106006724837	4	*	0
temp_vcf4_19VR003464.vcf	2316	2280	36	8.34377671904107e-05	8.4755205619733e-05	0	1759.17238556122	517.827614438781	0.000109848170878002	0	0.00346936910618866	0.0675900609084605	0.00439095392382083	0.0644006575493722	*	8.34205408670625e-05	44	0.00439095392382083	44	*	0
temp_vcf4_19VR003468.vcf	2316	2280	36	9.25780023992894e-05	9.40397603319098e-05	0	1758.71173332233	518.288266677678	6.41892203345928e-05	0.000195876166080814	0.00287557847254341	0.0695513962784661	0.00446541559708996	0.0282129012165165	0.0338294479314173	9.25474735148177e-05	48	0.00446541559708996	48	*	0
temp_vcf4_19VR003542.vcf	2316	2280	36	0	0	0	1762.16666666667	514.833333333331	0	0	0	0.00582712852055684	0	*	*	0	3	0	3	*	0
temp_vcf4_19VR003675.vcf	2316	2280	36	0.000229043588133354	0.000232660065840723	0	1762.1815734464	514.8184265536	0.000265639581598329	0.000121129646939254	0.000137050627951527	0.00394639870760856	0.0378470763970318	0.0467566992907809	0.0311460383253177	0.000228781981674631	14	0.0378470763970318	14	*	0
temp_vcf4_19VR003676.vcf	2316	2280	36	6.34779061692996e-05	6.44801888982885e-05	0	1759.22738202585	517.772617974149	4.94225422144772e-05	0.000116014905095001	0.00343647249989086	0.0676570862673784	0.00341811402524685	0.0869258895779348	0.0600530135076798	6.3462393387571e-05	43	0.00341811402524685	43	*	0
temp_vcf4_19VR003677.vcf	2316	2280	36	0	0	0	1761.83333333334	515.166666666665	0	0	0	0.00388223875768361	0	*	*	0	2	0	2	*	0
temp_vcf4_19VR003678.vcf	2316	2280	36	0.000243717121847073	0.000247565286928869	0	1759.20990473765	517.790095262358	0.00020321670551873	0.000399675495793834	0.00352225759816086	0.067810631125907	0.011746241353557	0.0892742854364134	0.0689074810750278	0.000243445416654032	48	0.011746241353557	48	*	0
temp_vcf4_19VR003752.vcf	2316	2280	36	0	0	0	1761.00000000001	515.999999999998	0	0	0.000567859170925609	0.0329457364341086	0	*	*	0	18	0	18	*	0
temp_vcf4_19VR003890.vcf	2316	2280	36	0	0	0	1758.66666666667	518.333333333331	0	0	0.00284306292645943	0.069453376205788	0	*	*	0	41	0	41	*	0
temp_vcf4_19VR003891.vcf	2316	2280	36	0.000173379257203385	0.000176116824422386	0	1758.6766743649	518.323325635102	0.000104565959128636	0.000419909032965529	0.00289701345143278	0.0695130238793287	0.00852478431941386	0.0611788265258775	0.0434256766869638	0.000172998645514875	47	0.00852478431941386	47	*	0
temp_vcf4_19VR003895.vcf	2316	2280	36	0.000209845293822961	0.000213158640567534	0	1761.79444444445	515.205555555554	4.26671236617439e-05	0.000797411818712413	2.20734541487056e-05	0.00249553653265226	0.160972117241958	0.074753086419753	0.408163265306122	0.000208513105235698	3	0.160972117241958	3	*	0
temp_vcf4_19VR003909.vcf	2316	2280	36	0	0	0	1762.16666666667	514.833333333331	0	0	0	0.00582712852055684	0	*	*	0	3	0	3	*	0
temp_vcf4_19VR003913.vcf	2316	2280	36	0.000275271475437458	0.000279617867154892	0	1762.2590498765	514.7409501235	0.000284021340281699	0.000266171867248569	0.000146812625322847	0.00402101739240221	0.0354079557245298	0.0416979232940747	0.0342420308781602	0.000275191365734688	18	0.0354079557245298	18	*	0
temp_vcf4_19VR003920.vcf	2316	2280	36	0.000228068146076911	0.000193831658763143	0.00239637900928224	1761.83333333334	515.166666666665	0	0.00085785088705267	0	0.00432768185536307	0.0489691902046647	*	0.073453785306997	0.000227305416941079	9	0.0550903389802477	8	0.0857166337935568	1
temp_vcf4_19VR004002.vcf	2316	2280	36	2.46006979416151e-05	2.49891300143775e-05	0	1759.16921898929	517.830781010718	1.52372081933742e-05	5.82630270390221e-05	0.0034184217629781	0.0676192208337587	0.00132452474276507	0.0267957258280704	0.0301588381108278	2.45917806299215e-05	43	0.00132452474276507	43	*	0
temp_vcf4_19VR004328.vcf	2316	2280	36	0	0	0	1761.33333333334	515.666666666665	0	0	0.00113550340651022	0.0310277957336782	0	*	*	0	18	0	18	*	0
temp_vcf4_19VR004453.vcf	2316	2280	36	0.000148666966488832	0.000151014339643919	0	1762.85434891137	514.112085698283	8.16092951907904e-05	0.000389890451956999	0.000604184207307986	0.00215088598024093	0.0491712433829926	0.0719154927936605	0.0667892393645424	0.000148617747703346	7	0.0491712433829926	7	*	0
temp_vcf4_19VR004454.vcf	2316	2280	36	0.00017450303036814	0.000177258341373953	0	1762.82834469089	514.171655309114	0.000132504250591452	0.000331731179338218	0.000636763470962228	0.00211817067888123	0.0505056708332796	0.0778418900782664	0.0568398988104793	0.000174458275762624	8	0.0505056708332796	8	*	0
temp_vcf4_19VR004455.vcf	2316	2280	36	0.00198340110730894	0.00201471796689803	0	1762.7042719776	514.193939003278	0.000496656079231749	0.00723092765186863	0.000806273313692875	0.00572209972236162	0.0559965651716885	0.0548204060375713	0.0564743651191763	0.00198260722974027	82	0.0559965651716885	82	*	0
temp_vcf4_19VR004458.vcf	2316	2280	36	0	0	0	1762.83333333334	514.166666666665	0	0	0.000567268601682895	0.00194489465153972	0	*	*	0	2	0	2	*	0
temp_vcf4_19VR004462.vcf	2316	2280	36	1.50309429257745e-05	1.52682736035499e-05	0	1762.15485625486	514.845143745142	1.97551671991414e-05	0	1.00533830229138e-05	0.00388466323184363	0.0116011830697145	0.0348035492091436	*	1.50274392094748e-05	3	0.0116011830697145	3	*	0
temp_vcf4_19VR004469.vcf	2316	2280	36	3.11517653697236e-05	3.16436353492456e-05	0	1762.17549084492	514.824509155083	2.7191122467215e-05	4.7068386576544e-05	1.37549934647849e-05	0.00585104077375695	0.0120171221130903	0.023942459790708	0.0242178130971258	3.11324407074878e-05	6	0.0120171221130903	6	*	0
temp_vcf4_19VR004555.vcf	2316	2280	36	0.00028198103860154	0.000286433370789986	0	1762.06096440376	514.843621395062	0.000209965048056288	0.000549869627528688	9.27848364127501e-05	0.00419665830891582	0.0725119840877942	0.0924296692267781	0.094296393294345	0.000281782321584692	9	0.0725119840877942	9	*	0
temp_vcf4_19VR004571.vcf	2316	2280	36	1.58902195265289e-05	1.61411177295794e-05	0	1762.83333333334	514.166666666665	0	7.15755236760606e-05	0.000567268601682895	0.00198135212587998	0.0122625565710854	*	0.0367876697132561	1.58841406361209e-05	3	0.0122625565710854	3	*	0
temp_vcf4_19VR004578.vcf	2316	2280	36	0	0	0	1762.83333333334	514.166666666665	0	0	0.000567268601682895	0.00194489465153972	0	*	*	0	2	0	2	*	0
temp_vcf4_19VR004702.vcf	2316	2280	36	8.5930693904456e-06	8.72874943345263e-06	0	1762.83333333334	514.166666666665	0	3.87064156400754e-05	0.000567268601682895	0.0019644383554072	0.00663182951778903	*	0.0198954885533671	8.59045274325004e-06	3	0.00663182951778903	3	*	0
temp_vcf4_19VR004825.vcf	2316	2280	36	8.94675013110363e-06	9.0880146068579e-06	0	1762.80542031808	514.163177539758	1.17543734917136e-05	0	0.000567277584056644	0.00194490784965377	0.00690520977426434	0.020715629322793	*	8.94457224645638e-06	3	0.00690520977426433	3	*	0
temp_vcf4_19VR005044.vcf	2316	2280	36	5.747355558439e-05	5.83810327778278e-05	0	1762.14594784877	514.820525661164	4.27036096086568e-05	0.000112386276807303	1.52829562918945e-05	0.00588517200026821	0.0190084966117837	0.0250739153604469	0.0578377302011455	5.7452278187602e-05	7	0.0190084966117837	7	*	0
temp_vcf4_19VR005160.vcf	2316	2280	36	0.00019951687131733	0.000202667137706551	0	1762.11264728503	514.83884207668	0.000199081499919729	0.000216139568399806	9.29833381644856e-05	0.00399607058099037	0.0384640687331055	0.0437978821877567	0.0555928836476058	0.000199295692917645	12	0.0384640687331055	12	*	0
temp_vcf4_19VR005334.vcf	2316	2280	36	0.000100397246499069	0.000101982466180633	0	1762.82938452911	514.170615470896	0.000104025944561906	9.55714496047485e-05	0.000619974901694247	0.00199324601476334	0.0211258818331848	0.026181782577627	0.024556111060822	0.000100338816996992	11	0.0211258818331848	11	*	0
temp_vcf4_19VR005339.vcf	2316	2280	36	0	0	0	1762.16666666667	514.833333333331	0	0	0	0.00582712852055684	0	*	*	0	3	0	3	*	0
temp_vcf4_19VR005340.vcf	2316	2280	36	2.42622840328114e-05	2.46453727280663e-05	0	1761.33815407658	515.661845923428	0	0.000108969570396207	0.00113550029866272	0.038841199165229	0.00244242044075515	*	0.0561756701373683	2.42554706983456e-05	23	0.00244242044075514	23	*	0
temp_vcf4_19VR005507.vcf	2316	2280	36	0	0	0	1760.33333333334	516.666666666665	0	0	0.00113614845673168	0.0348387096774195	0	*	*	0	20	0	20	*	0
temp_vcf4_19VR005510.vcf	2316	2280	36	0	0	0	1762.16666666667	514.833333333331	0	0	0	0.00388475234703789	0	*	*	0	2	0	2	*	0
temp_vcf4_19VR005511.vcf	2316	2280	36	1.42846657577964e-05	1.45102131118669e-05	0	1762.16666666667	514.833333333331	1.87742093417514e-05	0	9.5454413761676e-06	0.00388475234703789	0.0110251493703812	0.0330754481111437	*	1.42812815678513e-05	3	0.0110251493703812	3	*	0
temp_vcf4_19VR005512.vcf	2316	2280	36	0.000277435669377089	0.000269557830465878	0.000776365467087117	1762.14959804856	514.850401951447	6.16009314848082e-05	0.000982890942473331	3.12377384546853e-05	0.00432848244980319	0.0307104629606306	0.0271179223803441	0.0361241121208025	0.000277254941894195	20	0.0323268031164533	19	0.0279131862143446	1
temp_vcf4_19VR005517.vcf	2316	2280	36	0.000146939505987637	0.0001492596034506	0	1762.2055211422	514.794478857803	0.000119072952446614	0.000253462084396759	6.12030632213547e-05	0.00401616563547976	0.0377999975472752	0.041951766993124	0.0652205714799283	0.00014689118217853	9	0.0377999975472752	9	*	0
temp_vcf4_19VR005524.vcf	2316	2280	36	0	0	0	1762.16666666667	514.833333333331	0	0	0	0.00388475234703789	0	*	*	0	2	0	2	*	0
temp_vcf4_19VR005611.vcf	2316	2280	36	1.40647027688121e-05	1.42867770230565e-05	0	1762.15838811785	514.841611882151	1.84852007811629e-05	0	9.39591908980624e-06	0.00388468988100715	0.0108553067706523	0.032565920311957	*	1.40612782003269e-05	3	0.0108553067706523	3	*	0
temp_vcf4_19VR005613.vcf	2316	2280	36	9.84920261683085e-06	1.00047163423598e-05	0	1762.83333333334	514.166666666665	0	4.43645120140947e-05	0.000567268601682895	0.001967327115802	0.00760066108900537	*	0.0228019832670161	9.84541591840071e-06	3	0.00760066108900535	3	*	0
temp_vcf4_19VR005785.vcf	2316	2280	36	0	0	0	1762.16666666667	514.833333333331	0	0	0	0.00388475234703789	0	*	*	0	2	0	2	*	0
temp_vcf4_19VR005799.vcf	2316	2280	36	0	0	0	1761.83333333334	515.166666666665	0	0	0	0	*	*	*	0	0	*	0	*	0
temp_vcf4_19VR005803.vcf	2316	2280	36	1.01684956759366e-05	1.03290508708198e-05	0	1762.16666666667	514.833333333331	0	4.57434172589237e-05	0	0.00390789383991069	0.00784804548941646	*	0.0235441364682494	1.01658620329229e-05	3	0.00784804548941646	3	*	0
temp_vcf4_19VR005806.vcf	2316	2280	36	1.23709541892688e-05	1.25662850448888e-05	0	1762.16666666667	514.833333333331	1.62590352231229e-05	0	8.24802369919353e-06	0.00388475234703789	0.00954876257688479	0.0286462877306544	*	1.23688634415606e-05	3	0.00954876257688479	3	*	0
temp_vcf4_19VR005946.vcf	2316	2280	36	0.000472579129321068	0.00048004090504719	0	1760.77577299425	516.224227005754	0.000286857278920281	0.00114175562796889	0.0013324660608659	0.0337944734995067	0.0437518147920012	0.168258684124016	0.196339772475994	0.000472277793523328	25	0.0437518147920011	25	*	0
temp_vcf4_19VR005949.vcf	2316	2280	36	3.30107997598359e-05	3.35320229139386e-05	0	1762.15992244141	514.840077558589	3.20102820203109e-05	3.89359279421285e-05	1.62532189101626e-05	0.00584670971265861	0.0127377779446502	0.0281952760606889	0.0200361155465234	3.29994247270731e-05	6	0.0127377779446502	6	*	0
temp_vcf4_19VR006103.vcf	2316	2280	36	0	0	0	1762.66666666667	514.333333333331	0	0	0.000567322239031768	0.00388852883992224	0	*	*	0	3	0	3	*	0
temp_vcf4_19VR006108.vcf	2316	2280	36	0.000352528572956583	0.000358094813582214	0	1762.25712368296	514.712027987991	0.000349490703791148	0.000389661950070464	0.000176521920423594	0.00409139167896134	0.058268956773176	0.0615365438964784	0.10019997792984	0.000352230308646141	14	0.058268956773176	14	*	0
temp_vcf4_19VR006112.vcf	2316	2280	36	1.63909427225937e-05	1.66497470813715e-05	0	1762.16666666667	514.833333333331	0	7.37353642192177e-05	0	0.00392229827822704	0.0126375013285153	*	0.0379125039855459	1.63698203737245e-05	3	0.0126375013285153	3	*	0
temp_vcf4_19VR006113.vcf	2316	2280	36	0.000186648367687837	0.000164365775990296	0.00159787917519876	1762.15833957865	514.841660421349	0.000159998523931579	0.00018027141765414	8.71038438751224e-05	0.00397942897786775	0.0468349263073567	0.0704714817975785	0.09279348326854	0.000186584208874797	8	0.0535256300655505	7	0.0574496172951772	1
temp_vcf4_19VR006329.vcf	2316	2280	36	1.21413675742951e-05	1.23330733780998e-05	0	1762.16666666667	514.833333333331	0	5.46184667570105e-05	0	0.00779720017183508	0.0056220994954387	*	0.0281104974771935	1.21375204996518e-05	5	0.0056220994954387	5	*	0
temp_vcf4_19VR006332.vcf	2316	2280	36	2.49367809608193e-05	2.53305196075691e-05	0	1762.19640644362	514.80359355638	3.27736366355513e-05	0	1.68765393249735e-05	0.00388497676596146	0.0192368817456918	0.0577106452370753	*	2.49182406032277e-05	3	0.0192368817456918	3	*	0
temp_vcf4_19VR006520.vcf	2316	2280	36	1.56275943802183e-05	1.58743458704322e-05	0	1761.33333333334	515.666666666665	0	7.0187799452978e-05	0.00113550340651022	0.0388204887792879	0.00157324407152803	*	0.0361846136451447	1.56237537327913e-05	23	0.00157324407152803	23	*	0
temp_vcf4_19VR006679.vcf	2316	2280	36	0	0	0	1762.16666666667	514.833333333331	0	0	0	0.00582712852055684	0	*	*	0	3	0	3	*	0
temp_vcf4_19VR006682.vcf	2316	2280	36	6.7725715113909e-05	6.87950685104445e-05	0	1762.12742615782	514.837035836261	5.84834588619972e-05	0.000104494132360022	2.28984244953925e-05	0.0039376671061043	0.0195967081643898	0.0257507223770431	0.0268853879034732	6.76915653346799e-05	8	0.0195967081643898	8	*	0
temp_vcf4_19VR006818.vcf	2316	2280	36	0	0	0	1762.16666666667	514.833333333331	0	0	0	0.00388475234703789	0	*	*	0	2	0	2	*	0
temp_vcf4_19VR007032.vcf	2316	2280	36	1.48254667250821e-05	1.5059553041794e-05	0	1761.00000000001	515.999999999998	0	6.65422111149039e-05	0.000567859170925609	0.0329795899660216	0.00180666070353582	*	0.0343265533671806	1.48214824556048e-05	19	0.00180666070353582	19	*	0
temp_vcf4_19VR007126.vcf	2316	2280	36	0	0	0	1762.16666666667	514.833333333331	0	0	0	0.00582712852055684	0	*	*	0	3	0	3	*	0
temp_vcf4_19VR007190.vcf	2316	2280	36	5.04142534085136e-05	5.12102679360164e-05	0	1762.16333139046	514.836668609544	4.39967203370785e-05	7.61989306640261e-05	2.24380013955977e-05	0.00780832427521764	0.0166767478892894	0.0387574267633652	0.0392223816982955	5.04046784218593e-05	7	0.0166767478892894	7	*	0
temp_vcf4_19VR007191.vcf	2316	2280	36	0.000534019914281615	0.000542451807665009	0	1762.02769915083	514.972300849169	1.88634099345918e-05	0.00233712040178942	9.5902210171664e-06	0.00702500860719844	0.154535080438627	0.0332253694492712	0.240611054811949	0.000533799932430491	8	0.154535080438627	8	*	0
temp_vcf4_19VR007270.vcf	2316	2280	36	0	0	0	1762.16666666667	514.833333333331	0	0	0	0.00388475234703789	0	*	*	0	2	0	2	*	0
temp_vcf4_19VR007359.vcf	2316	2280	36	0.00014067861862908	0.000142899859975855	0	1762.16666666667	514.833333333331	0	0.000632848845733151	0	0.00931412465458743	0.0651376253654673	*	0.325688126827336	0.000140625270650836	5	0.0651376253654673	5	*	0
temp_vcf4_19VR007474.vcf	2316	2280	36	0	0	0	1762.16666666667	514.833333333331	0	0	0	0.00388475234703789	0	*	*	0	2	0	2	*	0
temp_vcf4_19VR007493.vcf	2316	2280	36	1.59044714666855e-05	1.615559470037e-05	0	1762.16666666667	514.833333333331	0	7.15469522502629e-05	0	0.00586357338274239	0.00920548929575737	*	0.0368219571830295	1.58989452431043e-05	4	0.00920548929575737	4	*	0
temp_vcf4_19VR007606.vcf	2316	2280	36	0.000132128995426901	0.000134215242723115	0	1761.33255607143	515.667443928572	7.42523757087905e-05	0.000339807425832828	3.77616687678659e-05	0.00783943367226549	0.0254956022806359	0.0326896194881998	0.0350377498829664	0.000132101566220912	12	0.0254956022806359	12	*	0
temp_vcf4_19VR007749.vcf	2316	2280	36	1.26741161189234e-05	1.28742337418538e-05	0	1762.15673686013	514.843263139871	1.6657572120247e-05	0	8.45254539417642e-06	0.00388467742163433	0.00978190495309406	0.0293457148592822	*	1.26708613382047e-05	3	0.00978190495309405	3	*	0
temp_vcf4_19VR008338.vcf	2316	2280	36	0	0	0	1762.16666666667	514.833333333331	0	0	0	0.00388475234703789	0	*	*	0	2	0	2	*	0
temp_vcf4_19VR008902.vcf	2316	2280	36	3.10580197718657e-05	3.15484095577373e-05	0	1761.00619676662	515.993803233383	4.08461786924499e-05	0	0.000588698344844173	0.0368221476322775	0.00326828507826058	0.0359511358608664	*	3.10458858902126e-05	22	0.00326828507826056	22	*	0
temp_vcf4_19VR009188.vcf	2316	2280	36	0.000203547748674179	0.00020676166049535	0	1760.66666666667	516.333333333331	0.000248054712227629	6.71560799237303e-05	0.000722804346056323	0.0328904896197888	0.0234593130815292	0.217357058177557	0.0344721452754695	0.000202584741636694	20	0.0234593130815292	20	*	0
