file	sites	sites_coding	sites_noncoding	pi	pi_coding	pi_noncoding	N_sites	S_sites	piN	piS	mean_dN_vs_ref	mean_dS_vs_ref	mean_gdiv_polymorphic	mean_N_gdiv	mean_S_gdiv	mean_gdiv	sites_polymorphic	mean_gdiv_coding_poly	sites_coding_poly	mean_gdiv_noncoding_poly	sites_noncoding_poly
temp_vcf4_17VR013816.vcf	1441	1410	31	3.45707413439419e-05	3.53308072883831e-05	0	1087.5	319.5	1.91951615927508e-05	9.05843506870228e-05	9.6895703886729e-06	0.00943557642149191	0.00995117055605705	0.0208527416691742	0.0289031111111111	3.45286972798649e-05	5	0.00995117055605707	5	*	0
temp_vcf4_17VR013817.vcf	1441	1410	31	3.95988172142004e-05	4.04694295075623e-05	0	1087.49869235013	319.501307649869	5.2470771695688e-05	0	2.66241816427788e-05	0.00938963293160477	0.0114039400822685	0.0285098502056713	*	3.9569535330564e-05	5	0.0114039400822685	5	*	0
temp_vcf4_17VR013818.vcf	1441	1410	31	4.06283771782298e-05	4.15216251871128e-05	0	1087.49466537342	319.505334626576	1.94312091941901e-05	0.000117100251916358	9.81085562255678e-06	0.00944913055231503	0.0116960909782751	0.0211108403789038	0.0373696145124718	4.05832441994279e-05	5	0.0116960909782751	5	*	0
temp_vcf4_17VR013863.vcf	1441	1410	31	0.000131118712607848	0.000134001464445325	0	1087.50339922386	319.496600776134	0.000138482354560591	0.000120007641576152	7.13643609504441e-05	0.00945092818026456	0.026970263222278	0.0501588551612024	0.0383152770723389	0.000131014463952773	7	0.026970263222278	7	*	0
temp_vcf4_17VR013864.vcf	1441	1410	31	3.63095501378773e-05	3.71078452118306e-05	0	1087.5	319.5	0	0.000163762321592116	0	0.0094735826337231	0.0130454470311725	*	0.05218178812469	3.62122054994379e-05	4	0.0130454470311725	4	*	0
temp_vcf4_17VR014028.vcf	1441	1410	31	0.000638434860088696	0.000652471371197029	0	1085.96854030501	319.704793028323	0.000847155879054674	0	0.000282871493125742	0.00938365662767599	0.183794342346961	0.459485855867401	*	0.000637731930419711	5	0.183794342346961	5	*	0
temp_vcf4_17VR014029.vcf	1441	1410	31	0	0	0	1087.5	319.5	0	0	0	0.00938967136150234	0	*	*	0	3	0	3	*	0
temp_vcf4_17VR014030.vcf	1441	1410	31	0	0	0	1087.5	319.5	0	0	0	0.00938967136150234	0	*	*	0	3	0	3	*	0
temp_vcf4_17VR014031.vcf	1441	1410	31	0.000112567309702832	0.000115042193816866	0	1087.48003733354	319.519962666454	0.000124105560406286	8.52753411413494e-05	6.36828586840259e-05	0.00943228603255595	0.0231575916292009	0.0449589542194997	0.027226278745907	0.000112493505485362	7	0.0231575916292009	7	*	0
temp_vcf4_17VR014077.vcf	1441	1410	31	0.000422235026017684	0.000431518207440768	0	1087.3547008547	319.645299145299	0.00055956043783434	0	0.000332427806983865	0.00938540315788066	0.101189850783825	0.20237970156765	*	0.000421331786747363	6	0.101189850783825	6	*	0
temp_vcf4_17VR014149.vcf	1441	1410	31	0	0	0	1087.5	319.5	0	0	0	0.00938967136150234	0	*	*	0	3	0	3	*	0
temp_vcf4_17VR014170.vcf	1441	1410	31	0.000292860850432638	0.00029929963508754	0	1088.01752021563	318.982479784367	0.000320102490646855	0.000231158048037114	0.000713481455056243	0.00952275840648912	0.0701557914082277	0.347338365748578	0.0367981913503942	0.000292112941325029	6	0.0701557914082277	6	*	0
temp_vcf4_17VR014171.vcf	1441	1410	31	0.000474925851924657	0.000485367484130093	0	1087.48881303229	319.400997394253	0.000524771474277859	0.0003559320286263	0.000245304124068381	0.00958563892788455	0.0683415431511299	0.0949775140806755	0.113550347027246	0.000474264699175086	10	0.0683415431511299	10	*	0
temp_vcf4_17VR014172.vcf	1441	1410	31	0	0	0	1087.5	319.5	0	0	0	0.0125195618153365	0	*	*	0	4	0	4	*	0
temp_vcf4_17VR014174.vcf	1441	1410	31	4.13980050549875e-05	4.23081739604518e-05	0	1087.5	319.5	2.22886980450825e-05	0.000110846842441971	1.12757845479468e-05	0.00944608118399089	0.0119240643351421	0.0242240977143864	0.0353962239613239	4.13742690324152e-05	5	0.0119240643351421	5	*	0
temp_vcf4_17VR014176.vcf	1441	1410	31	5.31463768264819e-05	5.43148432673479e-05	0	1087.42048929663	319.460244648318	7.0427152845443e-05	0	0	0.00939083986272717	0.0190874318473006	0.0763497273892022	*	5.29838496802236e-05	4	0.0190874318473006	4	*	0
temp_vcf4_17VR014177.vcf	1441	1410	31	5.67798377857574e-05	5.80281888292741e-05	0	1087.52847264592	319.471527354078	7.52345785027694e-05	0	3.92715868666464e-05	0.00939050820849843	0.0204424564301883	0.0817698257207533	*	5.67451948096831e-05	4	0.0204424564301883	4	*	0
temp_vcf4_17VR014303.vcf	1441	1410	31	7.6299796208422e-05	7.79773094583944e-05	0	1087.49653823448	319.503461765521	5.27160694310431e-05	0.000164691371511226	2.67107229960517e-05	0.00947293997920949	0.0156859849194523	0.0286235061026249	0.0262774411154583	7.6198400025098e-05	7	0.0156859849194523	7	*	0
temp_vcf4_17VR014305.vcf	1441	1410	31	0.000126566476702143	0.000129349143920417	0	1087.5	319.5	0.000139365862178914	9.64692263168049e-05	7.10584726602782e-05	0.0094385758998435	0.022760773748341	0.0378311178091819	0.03076171875	0.000126360992357202	8	0.022760773748341	8	*	0
temp_vcf4_17VR014310.vcf	1441	1410	31	0	0	0	1087.5	319.5	0	0	0	0.00938967136150234	0	*	*	0	3	0	3	*	0
temp_vcf4_17VR014358.vcf	1441	1410	31	0.000321470777276974	0.000328538574507886	0	1087.54497838911	319.455021610887	0.000425949638186254	0	0.000224353145702362	0.0125213245352337	0.0513409628589958	0.0924137331461924	*	0.00032065833846701	9	0.0513409628589958	9	*	0
temp_vcf4_17VR014360.vcf	1441	1410	31	0	0	0	1087.5	319.5	0	0	0	0.00938967136150234	0	*	*	0	3	0	3	*	0
temp_vcf4_17VR014361.vcf	1441	1410	31	6.08711906517819e-05	6.22094934249771e-05	0	1087.5	319.5	0	0.000274539548448256	0	0.00953031500548139	0.0175077277005899	*	0.0437693192514746	6.0748534700173e-05	5	0.0175077277005899	5	*	0
temp_vcf4_17VR014363.vcf	1441	1410	31	3.70055234065303e-05	3.78191200204328e-05	0	1087.46033390677	319.500235644163	4.90362338433413e-05	0	1.27364788219051e-05	0.00938966443624532	0.010651725351849	0.0266293133796226	*	3.69594911583936e-05	5	0.010651725351849	5	*	0
temp_vcf4_17VR014364.vcf	1441	1410	31	4.35115589183074e-05	4.44681960292773e-05	0	1087.5	319.5	0	0.000196244620974275	0	0.00949085316496681	0.0156412566884661	*	0.0625650267538644	4.34177840068456e-05	4	0.0156412566884661	4	*	0
temp_vcf4_17VR014365.vcf	1441	1410	31	3.85064241984056e-05	3.93530193403564e-05	0	1087.5	319.5	2.10555382969176e-05	0.000102002689740233	1.06428267347808e-05	0.00944148064846941	0.0110876712144468	0.0228802297668038	0.0325581263054302	3.8472141618483e-05	5	0.0110876712144468	5	*	0
temp_vcf4_17VR014366.vcf	1441	1410	31	6.05784296971299e-05	6.19102958819604e-05	0	1087.48104265403	319.518957345972	5.09306075285987e-05	9.98608886320684e-05	2.61485192311464e-05	0.00943977495236321	0.0174209766174271	0.0552548235664068	0.0318500595207287	6.04475246961384e-05	5	0.0174209766174271	5	*	0
temp_vcf4_17VR014367.vcf	1441	1410	31	9.70454507389998e-05	9.91790741240416e-05	0	1087.5333371483	319.466662851697	0.000128586857743221	0	6.68574201038445e-05	0.00939065119728208	0.0279609635770308	0.069902408942577	*	9.70193045698502e-05	5	0.0279609635770308	5	*	0
temp_vcf4_17VR014370.vcf	1441	1410	31	0	0	0	1087.5	319.5	0	0	0	0.00938967136150234	0	*	*	0	3	0	3	*	0
temp_vcf4_17VR014371.vcf	1441	1410	31	3.14058767068063e-05	3.20963605209275e-05	0	1087.47608370702	319.488041853513	2.17620171078674e-05	6.75774751105651e-05	0	0.00942413733263239	0.00903821584027442	0.0236302984397656	0.0215607807616065	3.13609154763165e-05	5	0.00903821584027443	5	*	0
temp_vcf4_17VR014380.vcf	1441	1410	31	1.9308914950207e-05	1.97334371937931e-05	0	1087.5	319.5	2.55854220167801e-05	0	1.29634430904848e-05	0.00938967136150234	0.00694949898241848	0.0277979959296739	*	1.92907674737501e-05	4	0.00694949898241848	4	*	0
temp_vcf4_17VR014484.vcf	1441	1410	31	0.000283475807330474	0.000289708254158307	0	1087.40833333333	319.591666666667	0.000185648869565256	0.000646489042342699	9.89542597177799e-05	0.0128812229694445	0.0581978901627054	0.100587345239865	0.206210540659208	0.000282710084065883	7	0.0581978901627054	7	*	0
temp_vcf4_17VR014490.vcf	1441	1410	31	0.000366807311001338	0.000374871868902785	0	1087.5	319.5	0	0.00165436411628459	0	0.0110860968429998	0.105640247976397	*	0.264100619940993	0.000366551866677297	5	0.105640247976397	5	*	0
temp_vcf4_17VR014505.vcf	1441	1410	31	0.000127620357149749	0.000130426194789212	0	1087.51888493184	319.48111506816	0.000142502181231605	9.05440730456549e-05	7.23722834805457e-05	0.0094361443743152	0.0204190192654307	0.0309723467167995	0.028909439804879	0.000127530307695265	9	0.0204190192654307	9	*	0
temp_vcf4_17VR014509.vcf	1441	1410	31	0.000398546397393806	0.000407308764996081	0	1087.48276942356	319.517230576441	9.0237400176841e-05	0.00149029127454415	4.75333777938464e-05	0.0106092259949768	0.114752951031961	0.098039388885748	0.475725366274059	0.000398171238834009	5	0.114752951031961	5	*	0
temp_vcf4_17VR014538.vcf	1441	1410	31	0.000134134007423109	0.000137083052976383	0	1087.48604230482	319.513957695181	0.00017773754988804	0	9.13364628046127e-05	0.00938926118170406	0.0275914685108832	0.0482850698940456	*	0.000134032116291591	7	0.0275914685108832	7	*	0
temp_vcf4_17VR014540.vcf	1441	1410	31	0	0	0	1087.5	319.5	0	0	0	0.00938967136150234	0	*	*	0	3	0	3	*	0
temp_vcf4_17VR014542.vcf	1441	1410	31	0.000108371749147401	0.000110754390440713	0	1087.49490538573	319.505094614265	0.000143599468602581	0	7.4012637003101e-05	0.00938952164009111	0.0259363605227028	0.0518727210454056	*	0.000107993173585161	6	0.0259363605227028	6	*	0
temp_vcf4_17VR014558.vcf	1441	1410	31	0.000209339424621338	0.000213941922609466	0	1087.36687659945	319.602738525461	0.000277420728340309	0	0.000155697427774415	0.00938665298626972	0.0602653474809283	0.150663368702321	*	0.000209109463847773	5	0.0602653474809283	5	*	0
temp_vcf4_17VR014572.vcf	1441	1410	31	0.000116028467733068	0.000118579448229327	0	1087.43995285515	319.56004714485	0.000120920585231197	0.000111725939520022	6.26951639692433e-05	0.00944474598188145	0.0278328672975163	0.0656650423389071	0.0356671191072835	0.000115889801377583	6	0.0278328672975163	6	*	0
temp_vcf4_17VR014625.vcf	1441	1410	31	1.50845827937886e-05	1.54162296495385e-05	0	1087.50365726228	319.496342737722	1.99878719126063e-05	0	1.07100831320682e-05	0.00919708787562563	0.00542570336376413	0.0217028134550565	*	1.50609392470899e-05	4	0.00542570336376413	4	*	0
temp_vcf4_17VR014650.vcf	1441	1410	31	0.000230974732879946	0.000236052900765959	0	1087.51149425287	319.488505747127	3.12382012667913e-05	0.000935441124693012	1.58539743271309e-05	0.00996054137713303	0.0663988602088792	0.0338882282996433	0.298106072744752	0.000230391603778207	5	0.0663988602088792	5	*	0
temp_vcf4_17VR014747.vcf	1441	1410	31	4.96712118689562e-05	5.07632739738765e-05	0	1087.49524149417	319.504758505829	6.58174983872328e-05	0	3.32952113199573e-05	0.0187790630351145	0.00794745449944726	0.0238423634983418	*	4.96371203990461e-05	9	0.00794745449944727	9	*	0
temp_vcf4_17VR014815.vcf	1441	1410	31	0.000160904476984451	0.000164442093145102	0	1087.49119373777	319.508806262231	0.000213209405896582	0	0.000113886951255438	0.012519216752721	0.0330582203238598	0.0771358474223394	*	0.000160588162572532	7	0.0330582203238598	7	*	0
temp_vcf4_17VR014817.vcf	1441	1410	31	0.000264940454462584	0.00027076538644013	0	1087.47595841455	319.524041585445	0.000196210296503367	0.000527050214450755	0.000104835415020025	0.00967007655376251	0.0545070923932572	0.106630291146245	0.0841445322301556	0.000264781156663984	7	0.0545070923932572	7	*	0
temp_vcf4_17VR014818.vcf	1441	1410	31	9.27655210849183e-05	9.48050467257924e-05	0	1087.51745531648	319.48254468352	0.000101385837065789	7.32942964869827e-05	5.19810543835601e-05	0.00942722652503647	0.0190582415612763	0.0366730513709987	0.0233885368159377	9.2579938188018e-05	7	0.0190582415612763	7	*	0
temp_vcf4_17VR014826.vcf	1441	1410	31	4.59986638483358e-05	4.70099819896822e-05	0	1088.14390243902	318.856097560976	6.09148058973444e-05	0	3.13803545531774e-05	0.00313621099815652	0.0329803688280785	0.0659607376561571	*	4.57742801222464e-05	2	0.0329803688280785	2	*	0
temp_vcf4_17VR014827.vcf	1441	1410	31	0	0	0	1087.5	319.5	0	0	0	0.00938967136150234	0	*	*	0	3	0	3	*	0
temp_vcf4_17VR014828.vcf	1441	1410	31	0.000364436666142125	0.000372449103482838	0	1087.53379593935	319.466204060653	0.00045968927058946	7.89617749653041e-05	0.000276259445794614	0.00943060950606743	0.0874610281958606	0.249784907359854	0.0251963544554561	0.000364168056332522	6	0.0874610281958606	6	*	0
temp_vcf4_17VR014893.vcf	1441	1410	31	1.40714604894967e-05	1.43808330250814e-05	0	1087.5	319.5	0	6.34647091247723e-05	0	0.00942169070118351	0.00506276123259264	*	0.0202510449303706	1.40534662944973e-05	4	0.00506276123259264	4	*	0
temp_vcf4_17VR014896.vcf	1441	1410	31	0	0	0	1087.5	319.5	0	0	0	0.00938967136150234	0	*	*	0	3	0	3	*	0
temp_vcf4_17VR014897.vcf	1441	1410	31	0.000318174056964093	0.000325169373110112	0	1087.59728556191	319.40271443809	0.000421561199326071	0	0.000302891312973513	0.00939253132296562	0.0915361830392861	0.228840457598215	*	0.000317613404022505	5	0.0915361830392861	5	*	0
temp_vcf4_17VR014904.vcf	1441	1410	31	0.000289620591845224	0.000295988136772317	0	1087.49456366237	319.505436337625	2.95299161614705e-05	0.00120570608742596	1.49968684170819e-05	0.0102038450607691	0.0834125199968762	0.032086057949124	0.384976542035257	0.000289425815395129	5	0.0834125199968762	5	*	0
temp_vcf4_17VR015004.vcf	1441	1410	31	0.000384979991055036	0.000393444090149154	0	1088.04344925982	318.956550740182	0.000400243355865745	0.000373950638022721	0.000221985512082623	0.0126178891614512	0.069113741203705	0.144705386699516	0.0593968847655457	0.000383698771429313	8	0.069113741203705	8	*	0
temp_vcf4_17VR015006.vcf	1441	1410	31	0.000392767571597685	0.000401402887001606	0	1087.5	319.5	2.16798179712174e-05	0.00169765655282806	1.09587676367667e-05	0.0204304588293951	0.0628224506776795	0.0235512583795128	0.270925398859801	0.000392367839069476	9	0.0628224506776795	9	*	0
temp_vcf4_17VR015078.vcf	1441	1410	31	1.77657793088244e-05	1.8156374456749e-05	0	1087.16666666667	319.833333333333	0	8.0043214124073e-05	0.000919822167714243	0.00942040322026973	0.00511641142142754	*	0.0255820571071377	1.77529889709491e-05	5	0.00511641142142753	5	*	0
temp_vcf4_17VR015079.vcf	1441	1410	31	0.000108139200938648	0.000110516729469924	0	1088.1103286385	318.889671361502	0	0.000488659880037132	0	0.00340088481895073	0.0773656020630827	*	0.154731204126165	0.000107377657270066	2	0.0773656020630827	2	*	0
temp_vcf4_17VR015086.vcf	1441	1410	31	2.32369990465699e-05	2.37478834227711e-05	0	1086.83333333333	320.166666666667	3.08092460905757e-05	0	0.000935737118167892	0.00937011972930765	0.00668064850598546	0.0334032425299273	*	2.31805985634472e-05	5	0.00668064850598547	5	*	0
temp_vcf4_17VR015088.vcf	1441	1410	31	7.76979620036327e-05	7.94062150689608e-05	0	1087.50770820041	319.492291799593	2.10875278839469e-05	0.000278660601246671	1.06612604316494e-05	0.00953152799428098	0.0159803085365964	0.022919554715396	0.029647535013593	7.76281469508502e-05	7	0.0159803085365964	7	*	0
temp_vcf4_17VR015092.vcf	1441	1410	31	0.000186130463329829	0.000190222693374669	0	1087.58163156922	319.418368430775	0.000246615049273395	0	0.000139404727059924	0.00939207101563468	0.0535068548994805	0.133767137248701	*	0.000185658760928107	5	0.0535068548994805	5	*	0
temp_vcf4_18VR001031.vcf	1441	1410	31	0.000100991082785811	0.00010321145410947	0	1087.5	319.5	4.34185012551711e-05	0.000307701189919733	2.22245372781887e-05	0.00954763314631116	0.0242379680307643	0.0471700696415696	0.0491288692715081	0.00010092144912185	6	0.0242379680307643	6	*	0
temp_vcf4_18VR001129.vcf	1441	1410	31	0.000394523502342364	0.000403197423315849	0	1087.45529405413	319.440310341469	0.000460487283946266	0.000212086671312551	0.000227488429377952	0.0220210625869986	0.0405399283011213	0.0999826885329141	0.0338227767755638	0.000393864674681261	14	0.0405399283011213	14	*	0
temp_vcf4_18VR001154.vcf	1441	1410	31	1.93973556996329e-05	1.98238223852276e-05	0	1087.50472297911	319.49527702089	2.5702499467405e-05	0	1.30288513054784e-05	0.0125197468873334	0.00558727141785891	0.0279363570892945	*	1.9386784933584e-05	5	0.00558727141785891	5	*	0
temp_vcf4_18VR001337.vcf	1441	1410	31	1.55265636994919e-05	1.58679278659346e-05	0	1087.49245969839	319.507540301612	2.05737318833209e-05	0	1.04004881295762e-05	0.00938944976750166	0.00559126304209734	0.0223650521683894	*	1.55205080974249e-05	4	0.00559126304209734	4	*	0
temp_vcf4_18VR001443.vcf	1441	1410	31	0.000102790462012834	0.000105050394156379	0	1087.15907873594	319.84092126406	0	0.000463108520245305	0.000919828587701001	0.00962067134637703	0.0246719312994848	*	0.0740157938984545	0.000102728374598826	6	0.0246719312994848	6	*	0
temp_vcf4_18VR001447.vcf	1441	1410	31	0.000601766688574473	0.000614997020025402	0	1087.27703229659	319.722967703412	0.000776700435816334	7.08652667674017e-05	0.00132904152189185	0.00941894855067302	0.0577666484093484	0.0843853756234986	0.0226459699052395	0.000601318338751024	15	0.0577666484093484	15	*	0
temp_vcf4_18VR001520.vcf	1441	1410	31	0.000347708498021318	0.000355353152942354	0	1087.5029828272	319.497017172803	0.000308256967028765	0.000518995688895553	0.000163758487637661	0.0127944680165677	0.0500756243982594	0.083750447394948	0.0828772272014009	0.000347506067996248	10	0.0500756243982594	10	*	0
temp_vcf4_18VR001527.vcf	1441	1410	31	1.51624173087554e-05	1.5495775419799e-05	0	1087.5	319.5	0	6.83851121812725e-05	0	0.0219437975003627	0.00273033671520609	*	0.0218426937216487	1.51580109102351e-05	8	0.00273033671520609	8	*	0
temp_vcf4_18VR001531.vcf	1441	1410	31	0.000237932967268672	0.000243164117612877	0	1087.5	319.5	0	0.00107311864110847	0	0.0212219124723908	0.0489643598888088	*	0.342750519221661	0.000237856016114963	7	0.0489643598888088	7	*	0
temp_vcf4_18VR001685.vcf	1441	1410	31	1.94472280594213e-05	1.98747912295221e-05	0	1087.5071035747	319.492896425298	2.57685265149178e-05	0	1.30639600950804e-05	0.0312996004352107	0.00254641932909502	0.0280106126200452	*	1.94383154892749e-05	11	0.00254641932909502	11	*	0
temp_vcf4_18VR001710.vcf	1441	1410	31	0	0	0	1088.16666666667	318.833333333333	0	0	0	0.00940930475692629	0	*	*	0	3	0	3	*	0
temp_vcf4_18VR001885.vcf	1441	1410	31	0	0	0	1088.16666666667	318.833333333333	0	0	0	0	*	*	*	0	0	*	0	*	0
temp_vcf4_18VR001887.vcf	1441	1410	31	0	0	0	1086.83333333333	320.166666666667	0	0	0.000920104278484896	0.00937011972930765	0	*	*	0	4	0	4	*	0
temp_vcf4_18VR001888.vcf	1441	1410	31	4.66639816223237e-05	4.76899273175663e-05	0	1087.5	319.5	0	0.000210462590039964	0	0.00949666881741727	0.0134324290905085	*	0.0335810727262712	4.66080121114104e-05	5	0.0134324290905085	5	*	0
temp_vcf4_18VR001890.vcf	1441	1410	31	0.000291676051128627	0.000298088787004505	0	1087.5	319.5	0.000151189238822882	0.000800897941960777	8.12273703810441e-05	0.0120484143435506	0.0700067975130588	0.0821485430911482	0.255743698896056	0.000291492564245907	6	0.0700067975130588	6	*	0
temp_vcf4_18VR001891.vcf	1441	1410	31	0.000316459331777739	0.000323416948292002	0	1087.17333333333	319.826666666667	0.00041945279847285	0	0.000600946797812064	0.00938008087714178	0.113244444444444	0.452977777777778	*	0.000314349602899221	4	0.113244444444444	4	*	0
temp_vcf4_18VR001894.vcf	1441	1410	31	0.000109556546052992	0.000111965236072597	0	1087.78123317935	319.218766820646	0.000145131188190238	0	0.000974424848763325	0.00939794370449892	0.0315478733362334	0.0788696833405835	*	0.000109465209355425	5	0.0315478733362334	5	*	0
temp_vcf4_18VR001966.vcf	1441	1410	31	0.000206454983467886	0.000210994064664697	0	1087.50836320191	319.491636798089	2.28222067266629e-05	0.000853488038773245	1.15353622021336e-05	0.0098984619871252	0.0593859440351098	0.024774861576804	0.272154858598745	0.000206058098664503	5	0.0593859440351098	5	*	0
temp_vcf4_18VR002043.vcf	1441	1410	31	0.000535042047973727	0.000546805383780242	0	1088.16666666667	318.833333333333	0.000268550516702228	0.00150162426724098	0.000144919130311861	0.0162833563441228	0.0955853826406297	0.145190116796466	0.158100942510702	0.000530661388705786	8	0.0955853826406297	8	*	0
temp_vcf4_18VR002046.vcf	1441	1410	31	2.95565228475e-05	3.02063471086862e-05	0	1087.5	319.5	0	0.000133305006019554	0	0.00945771245832482	0.0106332703213611	*	0.0425330812854443	2.95163645284138e-05	4	0.0106332703213611	4	*	0
temp_vcf4_18VR002052.vcf	1441	1410	31	0.000326443400225903	0.000333620524628033	0	1087.70563847429	319.294361525705	0.000394184054710686	0.000130439888199217	0.000283585650870997	0.00946228754648872	0.0936459339265709	0.42662310338853	0.0416065662443246	0.000324933844297609	5	0.0936459339265709	5	*	0
temp_vcf4_18VR002057.vcf	1441	1410	31	2.54621072199727e-05	2.60219124141706e-05	0	1087.51234567901	319.487654320988	3.37383723961973e-05	0	0.00090250146159828	0.00313001139942423	0.0181755829903978	0.0363511659807956	*	2.52263469679359e-05	2	0.0181755829903978	2	*	0
temp_vcf4_18VR002075.vcf	1441	1410	31	0.000166392326043335	0.00017005059704145	0	1087.45845739122	319.541542608781	0.000179884232754104	0.000138181443352183	9.11862276448462e-05	0.0313646579403035	0.012608067529737	0.0279184838414086	0.0220619480875717	0.000166241001433035	19	0.012608067529737	19	*	0
temp_vcf4_18VR002079.vcf	1441	1410	31	9.38684041907033e-05	9.59321776161726e-05	0	1087.51196736558	319.488032634418	6.48703227334653e-05	0.000202565077651427	3.30130590042937e-05	0.0314030825722713	0.00965565213563451	0.0352537910873864	0.0323357738620552	9.38092504503006e-05	14	0.00965565213563451	14	*	0
temp_vcf4_18VR002160.vcf	1441	1410	31	0	0	0	1088.16666666667	318.833333333333	0	0	0	0	*	*	*	0	0	*	0	*	0
temp_vcf4_18VR002212.vcf	1441	1410	31	0	0	0	1087.16666666667	319.833333333333	0	0	0.000919822167714243	0.00937988535695674	0	*	*	0	4	0	4	*	0
temp_vcf4_18VR002213.vcf	1441	1410	31	0	0	0	1087.16666666667	319.833333333333	0	0	0.000919822167714243	0.0187597707139135	0	*	*	0	7	0	7	*	0
temp_vcf4_18VR002214.vcf	1441	1410	31	0	0	0	1087.16666666667	319.833333333333	0	0	0.000919822167714243	0.0187597707139135	0	*	*	0	7	0	7	*	0
temp_vcf4_18VR002369.vcf	1441	1410	31	2.64317317604207e-05	2.7012854940969e-05	0	1088.16666666667	318.833333333333	0	0.000119460926712283	0	0.00307611886284129	0.0377218934911243	*	0.0377218934911243	2.61775804934936e-05	1	0.0377218934911243	1	*	0
temp_vcf4_18VR002372.vcf	1441	1410	31	0.000467530487503823	0.000477809526590786	0	1087.14161800268	319.858381997314	0.000484323959487191	0.000460149578133839	0.00120704399848914	0.00961850369811598	0.0612111028900058	0.10524271632816	0.0735542750746325	0.000467260327404625	11	0.0612111028900058	11	*	0
temp_vcf4_18VR002389.vcf	1441	1410	31	1.50146533272851e-05	1.53447627266793e-05	0	1087.16666666667	319.833333333333	0	6.76480941467987e-05	0.000919822167714243	0.00941402950542201	0.00432047235087532	*	0.0216023617543766	1.49912295311427e-05	5	0.00432047235087532	5	*	0
temp_vcf4_18VR002588.vcf	1441	1410	31	0	0	0	1088.16666666667	318.833333333333	0	0	0	0	*	*	*	0	0	*	0	*	0
temp_vcf4_18VR002645.vcf	1441	1410	31	1.4069788930025e-05	1.43791247150113e-05	0	1087.83674418605	319.163255813954	1.8637507839778e-05	0	9.40633619357215e-06	0.0219323492679259	0.00253196322336396	0.0202557057869117	*	1.4056700754276e-05	8	0.00253196322336397	8	*	0
temp_vcf4_18VR002648.vcf	1441	1410	31	0.000265674046881182	0.000271515107486371	0	1087.1223187072	319.8776812928	0.000226429675109133	0.00042728691659458	0.00103633067309825	0.0189756512795612	0.0254729876512145	0.0491178442238688	0.0455018645496247	0.00026515948283707	15	0.0254729876512145	15	*	0
temp_vcf4_18VR002835.vcf	1441	1410	31	0	0	0	1088.16666666667	318.833333333333	0	0	0	0.00313643491897543	0	*	*	0	1	0	1	*	0
temp_vcf4_18VR002895.vcf	1441	1410	31	0.000172085797359213	0.00017586924396782	0	1087.5	319.5	0	0.000776136569623243	0	0.0098428856970204	0.0619171833643761	*	0.247668733457504	0.000171872819887234	4	0.0619171833643761	4	*	0
temp_vcf4_18VR003034.vcf	1441	1410	31	0.000344172156663792	0.000351739062235833	0	1087.75298329355	319.247016706444	0.000433990157420272	7.47947139645179e-05	0.000348861318849372	0.0156241140753258	0.0824589146048578	0.470947419985076	0.0238060676440703	0.000343340380034106	6	0.0824589146048578	6	*	0
temp_vcf4_18VR003056.vcf	1441	1410	31	0	0	0	1088	319	0	0	0.000919117647058825	0.0156739811912226	0	*	*	0	6	0	6	*	0
temp_vcf4_18VR003058.vcf	1441	1410	31	0.000155778799308804	0.000159203723265239	0	1087.45310355135	319.546896448645	0.000206424763579137	0	0.000113847477247816	0.00938829334079335	0.0448348642876378	0.112087160719095	*	0.000155568578374871	5	0.0448348642876378	5	*	0
temp_vcf4_18VR003060.vcf	1441	1410	31	3.28808105400613e-05	3.36037219774669e-05	0	1087.83333333333	319.166666666667	0	0.000148452996307765	0.00735406771870692	0.034540707334441	0.00236547291092746	*	*	3.28309911301521e-05	20	0.00236547291092746	20	*	0
temp_vcf4_18VR003296.vcf	1441	1410	31	0.000159946570950198	0.000163463126765415	0	1087.48979852078	319.510201479215	0.000148191713612498	0.000216975957698303	7.75602073296007e-05	0.00950184017285331	0.0383882358305768	0.0805211541819639	0.0692871066195329	0.000159839982639459	6	0.0383882358305768	6	*	0
temp_vcf4_18VR003655.vcf	1441	1410	31	0.000145109083621562	0.000148299425176362	0	1088.48505231689	318.514947683109	7.90549907443495e-05	0.00038633042077768	0.000877510397262279	0.00607326671347543	0.0694040009131135	0.0856643005087574	0.122547702230583	0.000144491327369424	3	0.0694040009131136	3	*	0
temp_vcf4_18VR003663.vcf	1441	1410	31	5.30537024105442e-05	5.42201313287902e-05	0	1087.50338384659	319.496616153405	7.02989860161929e-05	0	3.58502457789651e-05	0.00938977080921434	0.0152817437597718	0.0382043593994295	*	5.30247875078827e-05	5	0.0152817437597718	5	*	0
temp_vcf4_18VR003772.vcf	1441	1410	31	0	0	0	1087.5	319.5	0	0	0	0.00938967136150234	0	*	*	0	3	0	3	*	0
temp_vcf4_18VR003776.vcf	1441	1410	31	0.000389953889382394	0.000398527343687965	0	1087.99080060341	319.009199396584	0.000490625252696557	8.81723573353216e-05	0.00127621730981879	0.0188541189509888	0.0467656750443413	0.133274185593707	0.0280913581572662	0.000389443511819636	12	0.0467656750443413	12	*	0
temp_vcf4_18VR003915.vcf	1441	1410	31	0	0	0	1087.5	319.5	0	0	0	0.00938967136150234	0	*	*	0	3	0	3	*	0
temp_vcf4_18VR003988.vcf	1441	1410	31	0.000153807625093104	0.000157189211176712	0	1087.43822158563	319.561778414372	0.000203815521065637	0	0.000107644150387283	0.00938785612874495	0.031583084975307	0.0552703987067872	*	0.000153422342003573	7	0.031583084975307	7	*	0
temp_vcf4_18VR004005.vcf	1441	1410	31	0.000206257677190356	0.000210792420447733	0	1087.49765327488	319.502346725114	0.000177225121578376	0.000327025482236468	9.26395715982698e-05	0.00955877050742051	0.0329718177797021	0.0481107822146045	0.0521516155794504	0.000205930853585926	9	0.0329718177797021	9	*	0
temp_vcf4_18VR004088.vcf	1441	1410	31	0	0	0	1087.83333333333	319.166666666667	0	0	0.00735406771870692	0.037597911227154	0	*	*	0	20	0	20	*	0
temp_vcf4_18VR004244.vcf	1441	1410	31	0	0	0	1088.16666666667	318.833333333333	0	0	0	0	*	*	*	0	0	*	0	*	0
temp_vcf4_18VR004249.vcf	1441	1410	31	0.000109719890367641	7.86842652919301e-05	0.00152134025671449	1087.81789340101	319.182106598985	4.16075107915459e-05	0.000205786658978429	0.00737546233349141	0.0377009058494185	0.00462143200125285	0.0452470351593703	0.032833666435349	0.000109638041467404	24	0.00482236382739428	23	0.0470740497244604	1
temp_vcf4_18VR004315.vcf	1441	1410	31	0.000114997355711736	0.000117525666369228	0	1087.47103751775	319.473259564479	0.000152382163628801	0	6.09118588487036e-05	0.0156507621539788	0.0183643327124382	0.041319748602986	*	0.000114697428460752	9	0.0183643327124382	9	*	0
temp_vcf4_18VR004483.vcf	1441	1410	31	5.81170584521162e-05	5.93948093826237e-05	0	1087.83814165042	319.161858349578	4.7307981042841e-05	0.000101150103629432	0.00737799478546256	0.0376498688738695	0.00363944988271582	0.0257205866715841	0.0322661739592958	5.80897621807522e-05	23	0.00363944988271582	23	*	0
temp_vcf4_18VR004484.vcf	1441	1410	31	0.000272297727807817	0.000278284415440471	0	1087.86712256117	319.132877438832	0.00020064916639256	0.000545545153105271	0.00745950727012696	0.0378904386909651	0.0156858954136011	0.0727196586876582	0.0869942046385263	0.000272135590104113	25	0.0156858954136011	25	*	0
temp_vcf4_18VR004496.vcf	1441	1410	31	1.60690374062312e-05	1.64223282995597e-05	0	1087.83333333333	319.166666666667	2.1285873665432e-05	0	0.00736483327001927	0.037597911227154	0.00110228334354202	0.0231479502143823	*	1.60638100030412e-05	21	0.00110228334354202	21	*	0
temp_vcf4_18VR004557.vcf	1441	1410	31	8.33646878958489e-05	8.51975285517151e-05	0	1087.83516100957	319.164838990427	9.04783919543184e-05	6.79991544402424e-05	0.00740175089849915	0.0376324851303609	0.00545805842096845	0.0983856792104092	0.0216916060508967	8.33291361979916e-05	22	0.00545805842096845	22	*	0
temp_vcf4_18VR004559.vcf	1441	1410	31	0.000265611516552521	0.000271451202377434	0	1087.83489676691	319.165103233087	0.000178999205238242	0.000589113946029262	0.00742120952479549	0.0378250651011373	0.0127540642075027	0.0324431159060812	0.0375926461577186	0.00026552527843517	30	0.0127540642075027	30	*	0
temp_vcf4_18VR004561.vcf	1441	1410	31	1.71191638347259e-05	1.74955426140709e-05	0	1087.83333333333	319.166666666667	0	7.72910133237802e-05	0.00735406771870692	0.0375588078353421	0.00123247363591891	*	0.0246494727183781	1.71058103527954e-05	20	0.00123247363591891	20	*	0
temp_vcf4_18VR004562.vcf	1441	1410	31	0.000172670097317572	0.00017646639023732	0	1087.81102661597	319.188973384031	0.000228732384712683	0	0.00747606917540575	0.0375952836740455	0.0107983173216854	0.0827870994662551	*	0.000172353434003307	23	0.0107983173216855	23	*	0
temp_vcf4_18VR004563.vcf	1441	1410	31	6.14860863185335e-05	6.28379080744728e-05	0	1087.83333333333	319.166666666667	0	0.000277602455514381	0.00735406771870692	0.0376320333797323	0.00421759389303774	*	0.0442847358768963	6.14638943468373e-05	21	0.00421759389303774	21	*	0
temp_vcf4_18VR004622.vcf	1441	1410	31	0.000155994601162197	0.000159424269698387	0	1087.83333333333	319.166666666667	0.000137452866025116	0.000235809120157923	0.00742397091358589	0.0377205740620674	0.00864269835380932	0.0298951616791871	0.0752343488031071	0.000155940428313007	26	0.00864269835380933	26	*	0
temp_vcf4_18VR004624.vcf	1441	1410	31	5.6898306808072e-05	5.81492624896679e-05	0	1087.83243578422	319.167564215779	7.53704866791591e-05	0	0.007392251058324	0.0375978054959469	0.0035611860281773	0.027302426216026	*	5.68405819903386e-05	23	0.0035611860281773	23	*	0
temp_vcf4_18VR004851.vcf	1441	1410	31	3.60967817201554e-05	3.68903989069106e-05	0	1087.84550917141	319.15449082859	1.90051273445718e-05	9.81995269574732e-05	0.00736357907910928	0.0376491592519869	0.00236118275570598	0.020655027022745	0.0312909936027865	3.60485916901676e-05	22	0.00236118275570598	22	*	0
temp_vcf4_18VR004928.vcf	1441	1410	31	0	0	0	1087.5	319.5	0	0	0	0.0156494522691706	0	*	*	0	5	0	5	*	0
temp_vcf4_18VR004934.vcf	1441	1410	31	0.000344338968866328	0.000351909541940695	0	1087.88425925926	319.115740740741	0.000456107761384688	0	0.000519186494342145	0.0094009778177545	0.122899519890261	0.491598079561043	*	0.000341150645080529	4	0.122899519890261	4	*	0
temp_vcf4_18VR004997.vcf	1441	1410	31	0.000196209661062869	0.000200523490490493	0	1087.73820352473	319.26179647527	0.000225058783152911	0.000118814983615879	0.00748589567463872	0.0376472171569366	0.012843447407584	0.244665863628004	0.037889979338843	0.000196083166528	22	0.012843447407584	22	*	0
temp_vcf4_18VR005017.vcf	1441	1410	31	2.28523202456366e-05	2.33547471446542e-05	0	1087.8361230329	319.163876967096	3.02712814703675e-05	0	0.00736943554979045	0.0375982398573167	0.00156743144493886	0.032916060343716	*	2.28425123828702e-05	21	0.00156743144493886	21	*	0
temp_vcf4_18VR005252.vcf	1441	1410	31	0	0	0	1088.16666666667	318.833333333333	0	0	0	0	*	*	*	0	0	*	0	*	0
temp_vcf4_18VR005296.vcf	1441	1410	31	0.000104861471664637	0.000107166936644498	0	1088.18772919302	318.812270806974	2.66442460125428e-05	0.000383019884382763	0.000932473189258828	0.0158822910864123	0.0167823224350256	0.0289792387543251	0.0610308315804529	0.000104816725825976	9	0.0167823224350256	9	*	0
temp_vcf4_18VR005308.vcf	1441	1410	31	0	0	0	1087.83333333333	319.166666666667	0	0	0.00735406771870692	0.037597911227154	0	*	*	0	20	0	20	*	0
