file	product	N_diffs	S_diffs	N_diffs_vs_ref	S_diffs_vs_ref	N_sites	S_sites	piN	piS	mean_dN_vs_ref	mean_dS_vs_ref	mean_gdiv_polymorphic	mean_N_gdiv	mean_S_gdiv
temp_vcf4_19VR002740.vcf	HA	0	0.0380954933472025	3	0.0194220012430081	1318.66666666667	379.333333333332	0	0.000100427486855543	0.00227502527805864	5.12003547706717e-05	0.00952239355536233	*	0.0380895742214493
temp_vcf4_19VR002740.vcf	HA_antigenic	0	0	1	0	316	86	0	0	0.00316455696202532	0	0	*	*
temp_vcf4_19VR002740.vcf	HA_nonantigenic	0	0.0380954933472025	2	0.0194220012430081	1004.66666666666	294.333333333334	0	0.000129429762221526	0.00199071001990711	6.59864141891553e-05	0.0126965247404831	*	0.0380895742214493
temp_vcf4_19VR002744.vcf	HA	0	0	3	0	1318.66666666667	379.333333333332	0	0	0.00227502527805864	0	0	*	*
temp_vcf4_19VR002744.vcf	HA_antigenic	0	0	1	0	316	86	0	0	0.00316455696202532	0	0	*	*
temp_vcf4_19VR002744.vcf	HA_nonantigenic	0	0	2	0	1004.66666666666	294.333333333334	0	0	0.00199071001990711	0	0	*	*
temp_vcf4_19VR003000.vcf	HA	0.0270943643817989	0	3.01373363142766	0	1318.65979985095	379.340200149046	2.05468949496006e-05	0	0.00228545196552462	0	0.00677250939773405	0.0270900375909362	*
temp_vcf4_19VR003000.vcf	HA_antigenic	0	0	1	0	316	86	0	0	0.00316455696202532	0	0	*	*
temp_vcf4_19VR003000.vcf	HA_nonantigenic	0.0270943643817989	0	2.01373363142766	0	1004.65979985095	294.340200149048	2.69686956577924e-05	0	0.00200439355862195	0	0.00903001253031207	0.0270900375909362	*
temp_vcf4_19VR003002.vcf	HA	0	0	6	8	1319.5	378.499999999999	0	0	0.00454717696097006	0.0211360634081903	0	*	*
temp_vcf4_19VR003002.vcf	HA_antigenic	0	0	2	1	316.666666666667	85.3333333333333	0	0	0.00631578947368421	0.01171875	0	*	*
temp_vcf4_19VR003002.vcf	HA_nonantigenic	0	0	4	7	1004.83333333333	294.166666666667	0	0	0.00398075966163544	0.0237960339943342	0	*	*
temp_vcf4_19VR003004.vcf	HA	0	0	3	0	1318.66666666667	379.333333333332	0	0	0.00227502527805864	0	0	*	*
temp_vcf4_19VR003004.vcf	HA_antigenic	0	0	1	0	316	86	0	0	0.00316455696202532	0	0	*	*
temp_vcf4_19VR003004.vcf	HA_nonantigenic	0	0	2	0	1004.66666666666	294.333333333334	0	0	0.00199071001990711	0	0	*	*
temp_vcf4_19VR003005.vcf	HA	0.133501606190982	0	3.06914913209632	0	1318.70435102905	379.295648970946	0.000101236949803649	0	0.00232739744105743	0	0.0266604977385909	0.0666512443464773	*
temp_vcf4_19VR003005.vcf	HA_antigenic	0	0	1	0	316	86	0	0	0.00316455696202532	0	0	*	*
temp_vcf4_19VR003005.vcf	HA_nonantigenic	0.133501606190982	0	2.06914913209632	0	1004.70435102905	294.295648970948	0.00013287650845171	0	0.00205946070600474	0	0.0333256221732386	0.0666512443464773	*
temp_vcf4_19VR003124.vcf	HA	0	0	3	0	1318.66666666667	379.333333333332	0	0	0.00227502527805864	0	0	*	*
temp_vcf4_19VR003124.vcf	HA_antigenic	0	0	1	0	316	86	0	0	0.00316455696202532	0	0	*	*
temp_vcf4_19VR003124.vcf	HA_nonantigenic	0	0	2	0	1004.66666666666	294.333333333334	0	0	0.00199071001990711	0	0	*	*
temp_vcf4_19VR003216.vcf	HA	0.0247764367243799	0	3.01254375729288	0	1318.66666666667	379.333333333332	1.87890066160616e-05	0	0.00228453773303302	0	0.0061932057229297	0.0247728228917188	*
temp_vcf4_19VR003216.vcf	HA_antigenic	0.0247764367243799	0	1.01254375729288	0	316	86	7.84064453303162e-05	0	0.00320425239649646	0	0.0123864114458594	0.0247728228917188	*
temp_vcf4_19VR003216.vcf	HA_nonantigenic	0	0	2	0	1004.66666666666	294.333333333334	0	0	0.00199071001990711	0	0	*	*
temp_vcf4_19VR003219.vcf	HA	0	0	3	0	1318.66666666667	379.333333333332	0	0	0.00227502527805864	0	0	*	*
temp_vcf4_19VR003219.vcf	HA_antigenic	0	0	1	0	316	86	0	0	0.00316455696202532	0	0	*	*
temp_vcf4_19VR003219.vcf	HA_nonantigenic	0	0	2	0	1004.66666666666	294.333333333334	0	0	0.00199071001990711	0	0	*	*
temp_vcf4_19VR003231.vcf	HA	1.08899174185392	0	3.68665870062488	0	1318.58134405812	379.418655941877	0.000825881351015018	0	0.00279592815205368	0	0.135504367058817	0.216806987294108	*
temp_vcf4_19VR003231.vcf	HA_antigenic	0.272999549733501	0	1.14926050856253	0	315.914677391455	86.0853226085452	0.000864155954980285	0	0.00363788260188515	0	0.0907088552930986	0.136063282939648	*
temp_vcf4_19VR003231.vcf	HA_nonantigenic	0.81599219212042	0	2.53739819206235	0	1004.66666666666	294.333333333334	0.000812201916510042	0	0.00252561200271634	0	0.162381674118249	0.270636123530414	*
temp_vcf4_19VR003237.vcf	HA	0.0437801136618055	0.0259698325568523	3.02211200712413	0.0131463628396144	1318.67806032422	379.321939675785	3.32000015614437e-05	6.84638293768329e-05	0.00229177393486102	3.46575335211321e-05	0.0116130068314858	0.021865484510754	0.0259470719674071
temp_vcf4_19VR003237.vcf	HA_antigenic	0.0238671863378061	0.0259698325568523	1.01206896551724	0.0131463628396144	316.008045977012	85.9919540229885	7.55271476206094e-05	0.000302003051935646	0.00320266834468786	0.000152878987214314	0.0165978943815257	0.02384661117717	0.0259470719674071
temp_vcf4_19VR003237.vcf	HA_nonantigenic	0.0199129273239994	0	2.01004304160689	0	1004.6700143472	294.329985652798	1.98203659307361e-05	0	0.00200069974509286	0	0.00662811928144598	0.019884357844338	*
temp_vcf4_19VR003316.vcf	HA	0	0	3	0	1318.66666666667	379.333333333332	0	0	0.00227502527805864	0	0	*	*
temp_vcf4_19VR003316.vcf	HA_antigenic	0	0	1	0	316	86	0	0	0.00316455696202532	0	0	*	*
temp_vcf4_19VR003316.vcf	HA_nonantigenic	0	0	2	0	1004.66666666666	294.333333333334	0	0	0.00199071001990711	0	0	*	*
temp_vcf4_19VR003317.vcf	HA	0.257137259302845	0	3.14713016042306	0	1318.65934912382	379.340650876178	0.000194999003703041	0	0.00238661346655916	0	0.0513887244502532	0.128471811125633	*
temp_vcf4_19VR003317.vcf	HA_antigenic	0.257137259302845	0	1.14713016042305	0	315.992682457154	86.0073175428461	0.000813744347822709	0	0.00363024280025407	0	0.0856478740837554	0.128471811125633	*
temp_vcf4_19VR003317.vcf	HA_nonantigenic	0	0	2	0	1004.66666666666	294.333333333334	0	0	0.00199071001990711	0	0	*	*
temp_vcf4_19VR003373.vcf	HA	0	0	3	0	1318.66666666667	379.333333333332	0	0	0.00227502527805864	0	0	*	*
temp_vcf4_19VR003373.vcf	HA_antigenic	0	0	1	0	316	86	0	0	0.00316455696202532	0	0	*	*
temp_vcf4_19VR003373.vcf	HA_nonantigenic	0	0	2	0	1004.66666666666	294.333333333334	0	0	0.00199071001990711	0	0	*	*
temp_vcf4_19VR003464.vcf	HA	0.0982596474129103	0	22.0524062344495	36.9973313932176	1321.49333566144	376.506664338559	7.43550079000049e-05	0	0.0166874895539384	0.0982647450828365	0.00155931927180518	0.0245592785309315	*
temp_vcf4_19VR003464.vcf	HA_antigenic	0	0	15.0026686067824	10.9973313932176	316.666666666667	85.3333333333333	0	0	0.0473768482319445	0.128874977264268	0	*	*
temp_vcf4_19VR003464.vcf	HA_nonantigenic	0.0982596474129103	0	7.0497376276671	26	1006.82666899477	292.173331005227	9.75934095101136e-05	0	0.00700193771655418	0.0889882725112062	0.00265505713847909	0.0245592785309315	*
temp_vcf4_19VR003468.vcf	HA	0.180759342411712	0.101525385817628	24.0924583993753	37.0265623148273	1319.33030323723	378.669696762772	0.00013700840643786	0.000268110669233803	0.0182611271341679	0.0977806321217818	0.0039193716346817	0.0258155129573912	0.025371541748836
temp_vcf4_19VR003468.vcf	HA_antigenic	0.0834601386033054	0.0246608702160212	18.042902980446	11.0119399604389	315.162896109106	86.8371038908945	0.000264815876594853	0.000283990012460642	0.0572494516429362	0.126811460389958	0.00327564164516731	0.0278135683511741	0.0246554692369989
temp_vcf4_19VR003468.vcf	HA_nonantigenic	0.0972992038084062	0.076864515601607	6.04955541892933	26.0146223543885	1006.16740712812	292.832592871879	9.67027982809791e-05	0.000262486203628422	0.00601247404365487	0.0888378650042225	0.00446406624119389	0.0243169714120541	0.025610232586115
temp_vcf4_19VR003542.vcf	HA	0	0	3	0	1318.66666666667	379.333333333332	0	0	0.00227502527805864	0	0	*	*
temp_vcf4_19VR003542.vcf	HA_antigenic	0	0	1	0	316	86	0	0	0.00316455696202532	0	0	*	*
temp_vcf4_19VR003542.vcf	HA_nonantigenic	0	0	2	0	1004.66666666666	294.333333333334	0	0	0.00199071001990711	0	0	*	*
temp_vcf4_19VR003675.vcf	HA	1.92110755894618	2.57138272125541	3.74077532371201	1.33511769831079	1318.75731622027	379.242683779733	0.00145675594388536	0.00678030936715154	0.00283659114357262	0.00352048373090367	0.0680039201856745	0.0661801262240779	0.0691978836048117
temp_vcf4_19VR003675.vcf	HA_antigenic	1.23376480709906	0.82564958343625	1.54780860494351	0.429684896553709	316.026114579407	85.9738854205929	0.0039039963793532	0.00960349272801955	0.00489772374350601	0.00499785364418098	0.0734879577869203	0.0725108983722911	0.0747066283721783
temp_vcf4_19VR003675.vcf	HA_nonantigenic	0.68734275184712	1.74573313781916	2.1929667187685	0.905432801757084	1004.73120164086	294.268798359141	0.000684106107906871	0.00593244390011262	0.00218264020783579	0.00307689026769343	0.0639630503742302	0.0572115323474425	0.067079135617363
temp_vcf4_19VR003676.vcf	HA	0	0	22.0034680368	36.9965319632	1321.5	376.499999999999	0	0	0.0166503730887628	0.0982643611240375	0	*	*
temp_vcf4_19VR003676.vcf	HA_antigenic	0	0	15.0034680368	10.9965319632	316.666666666667	85.3333333333333	0	0	0.0473793727477894	0.12886560894375	0	*	*
temp_vcf4_19VR003676.vcf	HA_nonantigenic	0	0	7	26	1006.83333333333	292.166666666667	0	0	0.00695249130938588	0.0889903023388475	0	*	*
temp_vcf4_19VR003677.vcf	HA	0	0	2	0	1318.16666666667	379.833333333332	0	0	0.00151725881906688	0	0	*	*
temp_vcf4_19VR003677.vcf	HA_antigenic	0	0	1	0	316	86	0	0	0.00316455696202532	0	0	*	*
temp_vcf4_19VR003677.vcf	HA_nonantigenic	0	0	1	0	1004.16666666666	294.833333333334	0	0	0.000995850622406642	0	0	*	*
temp_vcf4_19VR003678.vcf	HA	0.129740907568153	0.0634007199076782	21.9832973826217	35.9679553786397	1321.63465310049	376.365346899506	9.81669989234818e-05	0.000168455253465742	0.0166334147875511	0.0955665968584604	0.00321295508264547	0.025900746663677	0.021091190546781
temp_vcf4_19VR003678.vcf	HA_antigenic	0.0450034282303512	0	14.9979343021051	11.0029361461758	316.659380692168	85.3406193078324	0.000142119359079086	0	0.0473629875398669	0.128929649625427	0.0016644224811989	0.0224697034961852	*
temp_vcf4_19VR003678.vcf	HA_nonantigenic	0.0847374793378013	0.0634007199076782	6.98536308051659	24.9650192324639	1006.97527240832	292.024727591675	8.41505066307534e-05	0.000217107367689522	0.00693697578472817	0.08548940166249	0.00447993630201084	0.0281881087753382	0.021091190546781
temp_vcf4_19VR003752.vcf	HA	0	0	9	7	1320.33333333333	377.666666666666	0	0	0.0068164604897753	0.0185348631950574	0	*	*
temp_vcf4_19VR003752.vcf	HA_antigenic	0	0	2	2	316.666666666667	85.3333333333333	0	0	0.00631578947368421	0.0234375	0	*	*
temp_vcf4_19VR003752.vcf	HA_nonantigenic	0	0	7	5	1005.66666666666	293.333333333334	0	0	0.00696055684454758	0.0170454545454545	0	*	*
temp_vcf4_19VR003890.vcf	HA	0	0	24.0005180031331	36.9994819968669	1319.33333333333	378.666666666666	0	0	0.0181913981832742	0.0977098996396136	0	*	*
temp_vcf4_19VR003890.vcf	HA_antigenic	0	0	18.0005180031331	10.9994819968669	315.166666666667	86.8333333333333	0	0	0.0571142824002108	0.126673497084839	0	*	*
temp_vcf4_19VR003890.vcf	HA_nonantigenic	0	0	6	26	1006.16666666666	292.833333333334	0	0	0.0059632267682624	0.0887877063175866	0	*	*
temp_vcf4_19VR003891.vcf	HA	0.151687424355975	0	25.0913044051287	35.988368907978	1318.79325317301	379.206746826986	0.000115019866829782	0	0.019025957514386	0.0949043475864045	0.00240243006800208	0.0756765471420656	*
temp_vcf4_19VR003891.vcf	HA_antigenic	0.113238525243258	0	18.071751332503	10.988368907978	315.126586506346	86.873413493654	0.000359342975464805	0	0.0573475933365561	0.126487131863198	0.00376705314436488	0.113011594330946	*
temp_vcf4_19VR003891.vcf	HA_nonantigenic	0.0384488991127177	0	7.0195530726257	25	1005.66666666666	293.333333333334	3.82322496977638e-05	0	0.0069799997407614	0.0852272727272726	0.00116186363494499	0.0383414999531848	*
temp_vcf4_19VR003895.vcf	HA	0.37503493204335	0	2.22447778758458	0	1318.23139158576	379.768608414238	0.000284498559537565	0	0.00168747141191097	0	0.0929278387868436	0.185855677573687	*
temp_vcf4_19VR003895.vcf	HA_antigenic	0	0	1	0	316	86	0	0	0.00316455696202532	0	0	*	*
temp_vcf4_19VR003895.vcf	HA_nonantigenic	0.37503493204335	0	1.22447778758458	0	1004.23139158576	294.76860841424	0.000373454698972456	0	0.00121931837407616	0	0.123903785049125	0.185855677573687	*
temp_vcf4_19VR003909.vcf	HA	0	0	3	0	1318.66666666667	379.333333333332	0	0	0.00227502527805864	0	0	*	*
temp_vcf4_19VR003909.vcf	HA_antigenic	0	0	1	0	316	86	0	0	0.00316455696202532	0	0	*	*
temp_vcf4_19VR003909.vcf	HA_nonantigenic	0	0	2	0	1004.66666666666	294.333333333334	0	0	0.00199071001990711	0	0	*	*
temp_vcf4_19VR003913.vcf	HA	0.267477640831265	0.10897290848127	3.13665108077158	0.0578034682080925	1318.71133444409	379.28866555591	0.000202832594097648	0.000287308634233909	0.00237857292861887	0.000152399671957958	0.0342120631352894	0.0382011771351094	0.108924454542417
temp_vcf4_19VR003913.vcf	HA_antigenic	0.0906572601722463	0	1.04639592809558	0	316.007735447689	85.992264552311	0.00028688304115028	0	0.00331129846113783	0	0.0302130912554948	0.0453196368832423	*
temp_vcf4_19VR003913.vcf	HA_nonantigenic	0.176820380659019	0.10897290848127	2.090255152676	0.0578034682080925	1004.7035989964	294.296401003601	0.000175992582126356	0.000370282844471268	0.00208046945861841	0.000196412419625156	0.0357116775902123	0.0353537932358563	0.108924454542417
temp_vcf4_19VR003920.vcf	HA	0.460948036753086	0.370777748423946	3.19652293762942	0.18931328681184	1318.68970274814	379.31029725186	0.000349550038794171	0.000977505095723125	0.00242401448268526	0.000499098727831628	0.0377139882084632	0.0417999602717461	0.0411009086218871
temp_vcf4_19VR003920.vcf	HA_antigenic	0.424405342470113	0.155613613824308	1.17795529837212	0.0792440032803886	316.035414507644	85.9645854923558	0.00134290438029326	0.00181020606256684	0.00372728891857666	0.000921821501569798	0.0413266492137968	0.0423353798929796	0.0388048225158398
temp_vcf4_19VR003920.vcf	HA_nonantigenic	0.0365426942829731	0.215164134599638	2.01856763925729	0.110069283531451	1004.65428824049	294.345711759505	3.63734019858437e-05	0.000730991232430243	0.00200921616807362	0.000373945599117079	0.0313918314491295	0.0364457640594109	0.042937777506725
temp_vcf4_19VR004002.vcf	HA	0.0479843964804522	0.0742839758573561	22.0284658272884	37.0337869469103	1321.48792911399	376.512070886011	3.63108851948606e-05	0.000197295071264383	0.016669441575647	0.0983601584399727	0.00194001975850842	0.0239827858080507	0.0371278365849644
temp_vcf4_19VR004002.vcf	HA_antigenic	0.0226940276008197	0.0218927151703216	15.0156622952796	11.0068775682003	316.660997546659	85.3390024533407	7.16666333291514e-05	0.000256538212786018	0.0474187298455253	0.128978277830449	0.00159183976919344	0.0226863684622436	0.0218851450751727
temp_vcf4_19VR004002.vcf	HA_nonantigenic	0.0252903688796325	0.0523912606870345	7.01280353200883	26.0269093787099	1006.82693156733	292.173068432672	2.51188839776693e-05	0.000179315845119064	0.00696525223167402	0.0890804533023124	0.0022185637499604	0.0252792031538578	0.0523705280947562
temp_vcf4_19VR004328.vcf	HA	0.511055165718076	0	4.42430327520769	6	1320.63664845824	377.363351541757	0.000386976361980185	0	0.00335012910657354	0.0158997951854264	0.0425811286485891	0.255486771891534	*
temp_vcf4_19VR004328.vcf	HA_antigenic	0	0	2	1	316.666666666667	85.3333333333333	0	0	0.00631578947368421	0.01171875	0	*	*
temp_vcf4_19VR004328.vcf	HA_nonantigenic	0.511055165718076	0	2.42430327520769	5	1005.96998179157	293.030018208425	0.00050802228194515	0	0.00240991611985295	0.0170630982810902	0.0567748381981188	0.255486771891534	*
temp_vcf4_19VR004453.vcf	HA	0	0	2	1	1318.5	379.499999999999	0	0	0.00151687523701175	0.00263504611330699	0	*	*
temp_vcf4_19VR004453.vcf	HA_antigenic	0	0	1	0	316.333333333333	85.6666666666667	0	0	0.00316122233930453	0	0	*	*
temp_vcf4_19VR004453.vcf	HA_nonantigenic	0	0	1	1	1004.16666666666	294.833333333334	0	0	0.000995850622406642	0.00339174674957603	0	*	*
temp_vcf4_19VR004454.vcf	HA	0.557320709590534	0.0287832041538114	4.31679849938015	1.01459854014599	1318.67881535253	379.321184647474	0.000422635673753161	7.5880824269178e-05	0.00327357840978595	0.00267477425783353	0.0585901586585967	0.139282685260696	0.0287708455431828
temp_vcf4_19VR004454.vcf	HA_antigenic	0.282699296974698	0	1.17031900138696	0	316.333333333333	85.6666666666667	0.000893675332902099	0	0.00369963857129704	0	0.14131043915351	0.282620878307021	*
temp_vcf4_19VR004454.vcf	HA_nonantigenic	0.274621412615837	0.0287832041538114	3.14647949799319	1.01459854014599	1004.34548201919	294.654517980809	0.00027343321350311	9.76845844789865e-05	0.00313286568648404	0.00344334967981745	0.0379100885348683	0.0915032875785879	0.0287708455431828
temp_vcf4_19VR004455.vcf	HA	0.667460387635095	0.0769784650509397	4.35961268595307	1.03923330767593	1318.65418170359	379.345818296411	0.000506167876988637	0.000202924248372209	0.00330610765615653	0.00273954069756979	0.0531412121780731	0.0952933585867922	0.0384617301927392
temp_vcf4_19VR004455.vcf	HA_antigenic	0.318035879014225	0	1.17488158692248	0	316.302060768967	85.6979392310327	0.00100548152687037	0	0.00371442912533104	0	0.0794670942981141	0.105956125730819	*
temp_vcf4_19VR004455.vcf	HA_nonantigenic	0.34942450862087	0.0769784650509397	3.18473109903059	1.03923330767593	1004.35212093462	294.64787906538	0.000347910360656884	0.000261255792151346	0.00317093082460659	0.00352703474727994	0.0426108593300567	0.0872962832287723	0.0384617301927392
temp_vcf4_19VR004458.vcf	HA	0.0335804287357912	0.0270723039442876	4.01707928549044	1.01372212692967	1318.66666666667	379.333333333332	2.54654414073239e-05	7.13681123311625e-05	0.00304631897281884	0.00267237819050003	0.00866326104565083	0.0335751669951558	0.0270676603244
temp_vcf4_19VR004458.vcf	HA_antigenic	0.0335804287357912	0.0270723039442876	1.01707928549044	0.0137221269296741	316.333333333333	85.6666666666667	0.000106155201483007	0.000316019112190127	0.00321521375813627	0.000160180469996196	0.0202142757731853	0.0335751669951558	0.0270676603244
temp_vcf4_19VR004458.vcf	HA_nonantigenic	0	0	3	1	1004.33333333333	294.666666666667	0	0	0.00298705609027548	0.00339366515837104	0	*	*
temp_vcf4_19VR004462.vcf	HA	0	0	3	0	1318.66666666667	379.333333333332	0	0	0.00227502527805864	0	0	*	*
temp_vcf4_19VR004462.vcf	HA_antigenic	0	0	1	0	316	86	0	0	0.00316455696202532	0	0	*	*
temp_vcf4_19VR004462.vcf	HA_nonantigenic	0	0	2	0	1004.66666666666	294.333333333334	0	0	0.00199071001990711	0	0	*	*
temp_vcf4_19VR004469.vcf	HA	0	0	3	0	1318.66666666667	379.333333333332	0	0	0.00227502527805864	0	0	*	*
temp_vcf4_19VR004469.vcf	HA_antigenic	0	0	1	0	316	86	0	0	0.00316455696202532	0	0	*	*
temp_vcf4_19VR004469.vcf	HA_nonantigenic	0	0	2	0	1004.66666666666	294.333333333334	0	0	0.00199071001990711	0	0	*	*
temp_vcf4_19VR004555.vcf	HA	0.692564024704752	0	3.4019349995156	0	1318.76553729952	379.234462700483	0.000525160845591203	0	0.00257963595748935	0	0.0864934888218336	0.138389582114934	*
temp_vcf4_19VR004555.vcf	HA_antigenic	0.122286418863992	0	1.06538237011092	0	316.02179412337	85.9782058766297	0.000386955650331677	0	0.00337123068700447	0	0.0611075157895956	0.122215031579191	*
temp_vcf4_19VR004555.vcf	HA_nonantigenic	0.57027760584076	0	2.33655262940468	0	1004.74374317614	294.256256823855	0.000567585127764049	0	0.00232552095524227	0	0.0949554798325796	0.142433219748869	*
temp_vcf4_19VR004571.vcf	HA	0.0375471652394631	0.0207748187690131	4.0191355245385	1.01049538203191	1318.66666666667	379.333333333332	2.84735833464078e-05	5.47666575633036e-05	0.00304787830475619	0.00266387183312454	0.00832988149344087	0.0375387124782656	0.0207704579758206
temp_vcf4_19VR004571.vcf	HA_antigenic	0	0	1	0	316.333333333333	85.6666666666667	0	0	0.00316122233930453	0	0	*	*
temp_vcf4_19VR004571.vcf	HA_nonantigenic	0.0375471652394631	0.0207748187690131	3.0191355245385	1.01049538203191	1004.33333333333	294.666666666667	3.73851628670394e-05	7.05027786278724e-05	0.00300610905197992	0.00342928297069651	0.00971819507568102	0.0375387124782656	0.0207704579758206
temp_vcf4_19VR004578.vcf	HA	0	0	4	1	1318.66666666667	379.333333333332	0	0	0.00303336703741152	0.00263620386643235	0	*	*
temp_vcf4_19VR004578.vcf	HA_antigenic	0	0	1	0	316.333333333333	85.6666666666667	0	0	0.00316122233930453	0	0	*	*
temp_vcf4_19VR004578.vcf	HA_nonantigenic	0	0	3	1	1004.33333333333	294.666666666667	0	0	0.00298705609027548	0.00339366515837104	0	*	*
temp_vcf4_19VR004702.vcf	HA	0	0	4	1	1318.66666666667	379.333333333332	0	0	0.00303336703741152	0.00263620386643235	0	*	*
temp_vcf4_19VR004702.vcf	HA_antigenic	0	0	1	0	316.333333333333	85.6666666666667	0	0	0.00316122233930453	0	0	*	*
temp_vcf4_19VR004702.vcf	HA_nonantigenic	0	0	3	1	1004.33333333333	294.666666666667	0	0	0.00298705609027548	0.00339366515837104	0	*	*
temp_vcf4_19VR004825.vcf	HA	0	0	4	1	1318.66666666667	379.333333333332	0	0	0.00303336703741152	0.00263620386643235	0	*	*
temp_vcf4_19VR004825.vcf	HA_antigenic	0	0	1	0	316.333333333333	85.6666666666667	0	0	0.00316122233930453	0	0	*	*
temp_vcf4_19VR004825.vcf	HA_nonantigenic	0	0	3	1	1004.33333333333	294.666666666667	0	0	0.00298705609027548	0.00339366515837104	0	*	*
temp_vcf4_19VR005044.vcf	HA	0.142291358416311	0.0466961299892641	3.04784660766962	0.0239114917915774	1318.59080937536	379.333333333332	0.000107911686783042	0.000123100518425125	0.00231144232615532	6.30355671131218e-05	0.0269896543021604	0.0474160384704551	0.0466794647037576
temp_vcf4_19VR005044.vcf	HA_antigenic	0.0666638813234906	0	0.0345132743362832	0	316.333333333333	85.6666666666667	0.000210739350864565	0	0.000109104133834404	0	0.0666442164617431	0.0666442164617431	*
temp_vcf4_19VR005044.vcf	HA_nonantigenic	0.0756274770928207	0.0466961299892641	3.01333333333333	0.0239114917915774	1004.25747604202	294.666666666667	7.53068599408225e-05	0.00015847102937533	0.0030005585272907	8.11475965777514e-05	0.0203805606088966	0.0378019494748111	0.0466794647037576
temp_vcf4_19VR005160.vcf	HA	0.242386270103921	0.0675829628723303	3.1109687162434	0.0349932705248991	1318.64902695784	379.312746742466	0.000183814089381397	0.000178172137511149	0.00235920904853696	9.22544017447896e-05	0.0281612950749152	0.0346052518197609	0.0675374830857407
temp_vcf4_19VR005160.vcf	HA_antigenic	0.0585925299323269	0	1.03019260801666	0	316.005032101336	85.9949678986639	0.000185416445879689	0	0.00326005127565911	0	0.0292810144378105	0.058562028875621	*
temp_vcf4_19VR005160.vcf	HA_nonantigenic	0.183793740171594	0.0675829628723303	2.08077610822674	0.0349932705248991	1004.6439948565	294.317778843804	0.000182944148486993	0.000229625825316509	0.00207115766269419	0.000118896217083339	0.0279124685498274	0.0306124556437843	0.0675374830857407
temp_vcf4_19VR005334.vcf	HA	0.0762840064005457	0.106368454252809	4.03861751181927	1.02344129311365	1318.662633944	379.337366055996	5.78495245386509e-05	0.000280405949349866	0.00306266167544319	0.00269797121162743	0.0165961557297781	0.0254087009631276	0.0265829025345442
temp_vcf4_19VR005334.vcf	HA_antigenic	0	0	1	0	316.333333333333	85.6666666666667	0	0	0.00316122233930453	0	0	*	*
temp_vcf4_19VR005334.vcf	HA_nonantigenic	0.0762840064005457	0.106368454252809	3.03861751181927	1.02344129311365	1004.32930061067	294.670699389331	7.5955173621005e-05	0.000360973976962232	0.00302551913000216	0.00347316952528572	0.0182557713027559	0.0254087009631276	0.0265829025345442
temp_vcf4_19VR005339.vcf	HA	0	0	3	1	1318.66666666667	379.333333333332	0	0	0.00227502527805864	0.00263620386643235	0	*	*
temp_vcf4_19VR005339.vcf	HA_antigenic	0	0	0	0	316.333333333333	85.6666666666667	0	0	0	0	*	*	*
temp_vcf4_19VR005339.vcf	HA_nonantigenic	0	0	3	1	1004.33333333333	294.666666666667	0	0	0.00298705609027548	0.00339366515837104	0	*	*
temp_vcf4_19VR005340.vcf	HA	0	0	6	8	1319.5	378.499999999999	0	0	0.00454717696097006	0.0211360634081903	0	*	*
temp_vcf4_19VR005340.vcf	HA_antigenic	0	0	2	1	316.666666666667	85.3333333333333	0	0	0.00631578947368421	0.01171875	0	*	*
temp_vcf4_19VR005340.vcf	HA_nonantigenic	0	0	4	7	1004.83333333333	294.166666666667	0	0	0.00398075966163544	0.0237960339943342	0	*	*
temp_vcf4_19VR005507.vcf	HA	0.024913895560217	0	8.01183868146434	9.00077519379845	1318.51471618781	379.485283812192	1.88954247186941e-05	0	0.00607641202870211	0.0237183774384594	0.00138386282373821	0.0249095308272878	*
temp_vcf4_19VR005507.vcf	HA_antigenic	0	0	2	1	316.666666666667	85.3333333333333	0	0	0.00631578947368421	0.01171875	0	*	*
temp_vcf4_19VR005507.vcf	HA_nonantigenic	0.024913895560217	0	6.01183868146434	8.00077519379845	1003.84804952114	295.151950478861	2.48183931543241e-05	0	0.00598879350747571	0.0271073092378954	0.00166063538848585	0.0249095308272878	*
temp_vcf4_19VR005510.vcf	HA	0	0	3	1	1318.33333333333	379.666666666666	0	0	0.002275600505689	0.00263388937664619	0	*	*
temp_vcf4_19VR005510.vcf	HA_antigenic	0	0	1	0	315.666666666667	86.3333333333333	0	0	0.00316789862724393	0	0	*	*
temp_vcf4_19VR005510.vcf	HA_nonantigenic	0	0	2	1	1004.66666666666	294.333333333334	0	0	0.00199071001990711	0.00339750849377123	0	*	*
temp_vcf4_19VR005511.vcf	HA	0	0	3	1	1318.66666666667	379.333333333332	0	0	0.00227502527805864	0.00263620386643235	0	*	*
temp_vcf4_19VR005511.vcf	HA_antigenic	0	0	1	0	316	86	0	0	0.00316455696202532	0	0	*	*
temp_vcf4_19VR005511.vcf	HA_nonantigenic	0	0	2	1	1004.66666666666	294.333333333334	0	0	0.00199071001990711	0.00339750849377123	0	*	*
temp_vcf4_19VR005512.vcf	HA	0.192312319489345	0.0415348603049196	3.10245006096405	1.02097996408124	1318.65745514853	379.342544851474	0.0001458394814654	0.000109491700492445	0.0023527338725087	0.00269144597129486	0.0259718959427952	0.0640757996933673	0.0207598322025274
temp_vcf4_19VR005512.vcf	HA_antigenic	0	0	1	0	316	86	0	0	0.00316455696202532	0	0	*	*
temp_vcf4_19VR005512.vcf	HA_nonantigenic	0.192312319489345	0.0415348603049196	2.10245006096405	1.02097996408124	1004.65745514852	294.342544851475	0.000191420785765149	0.000141110624445671	0.0020927033887916	0.00346867954340893	0.0292183829356446	0.0640757996933673	0.0207598322025274
temp_vcf4_19VR005517.vcf	HA	0.168217380831797	0.0297291831415522	4.08603092934163	1.01508965027516	1319.00117860223	378.998821397775	0.000127533912448858	7.84413604029397e-05	0.00309782204567223	0.00267834513714697	0.0197907454105299	0.042045887161456	0.0297239054594749
temp_vcf4_19VR005517.vcf	HA_antigenic	0	0.0297291831415522	1	0.0150896502751642	315.666666666667	86.3333333333333	0	0.000344353472682072	0.00316789862724393	0.000174783593920821	0.0148619527297374	*	0.0297239054594749
temp_vcf4_19VR005517.vcf	HA_nonantigenic	0.168217380831797	0	3.08603092934163	1	1005.33451193555	293.665488064443	0.000167324784770326	0	0.00306965581376505	0.00340523500596214	0.021022943580728	0.042045887161456	*
temp_vcf4_19VR005524.vcf	HA	0.0234933512017942	0	3.01188557614827	1	1318.33729519205	379.662704807949	1.78204404043441e-05	0	0.00228460924767323	0.00263391686182567	0.00469772369115651	0.0234886184557825	*
temp_vcf4_19VR005524.vcf	HA_antigenic	0	0	1	0	315.666666666667	86.3333333333333	0	0	0.00316789862724393	0	0	*	*
temp_vcf4_19VR005524.vcf	HA_nonantigenic	0.0234933512017942	0	2.01188557614827	1	1004.67062852538	294.329371474618	2.33841326050079e-05	0	0.00200253249077386	0.00339755422637539	0.00587215461394563	0.0234886184557825	*
temp_vcf4_19VR005611.vcf	HA	0	0	3	1	1318.33333333333	379.666666666666	0	0	0.002275600505689	0.00263388937664619	0	*	*
temp_vcf4_19VR005611.vcf	HA_antigenic	0	0	1	0	315.666666666667	86.3333333333333	0	0	0.00316789862724393	0	0	*	*
temp_vcf4_19VR005611.vcf	HA_nonantigenic	0	0	2	1	1004.66666666666	294.333333333334	0	0	0.00199071001990711	0.00339750849377123	0	*	*
temp_vcf4_19VR005613.vcf	HA	0	0	4	1	1318.66666666667	379.333333333332	0	0	0.00303336703741152	0.00263620386643235	0	*	*
temp_vcf4_19VR005613.vcf	HA_antigenic	0	0	1	0	316.333333333333	85.6666666666667	0	0	0.00316122233930453	0	0	*	*
temp_vcf4_19VR005613.vcf	HA_nonantigenic	0	0	3	1	1004.33333333333	294.666666666667	0	0	0.00298705609027548	0.00339366515837104	0	*	*
temp_vcf4_19VR005785.vcf	HA	0	0	3	1	1318.33333333333	379.666666666666	0	0	0.002275600505689	0.00263388937664619	0	*	*
temp_vcf4_19VR005785.vcf	HA_antigenic	0	0	1	0	315.666666666667	86.3333333333333	0	0	0.00316789862724393	0	0	*	*
temp_vcf4_19VR005785.vcf	HA_nonantigenic	0	0	2	1	1004.66666666666	294.333333333334	0	0	0.00199071001990711	0.00339750849377123	0	*	*
temp_vcf4_19VR005799.vcf	HA	0.138052554968207	0.0867976244860667	3.07423580786026	1.04522613065327	1318.30858806405	379.691411935952	0.000104719453562036	0.000228600441720573	0.0023319546240496	0.00275283058240353	0.0373018601503321	0.137449705383192	0.0863614555187999
temp_vcf4_19VR005799.vcf	HA_antigenic	0.138052554968207	0	1.07423580786026	0	315.64192139738	86.3580786026201	0.000437370785087841	0	0.0034033369303561	0	0.0687248526915962	0.137449705383192	*
temp_vcf4_19VR005799.vcf	HA_nonantigenic	0	0.0867976244860667	2	1.04522613065327	1004.66666666666	294.333333333334	0	0.000294895666430577	0.00199071001990711	0.00355116465680611	0.0215903638797	*	0.0863614555187999
temp_vcf4_19VR005803.vcf	HA	0	0	3	1	1318.33333333333	379.666666666666	0	0	0.002275600505689	0.00263388937664619	0	*	*
temp_vcf4_19VR005803.vcf	HA_antigenic	0	0	1	0	315.666666666667	86.3333333333333	0	0	0.00316789862724393	0	0	*	*
temp_vcf4_19VR005803.vcf	HA_nonantigenic	0	0	2	1	1004.66666666666	294.333333333334	0	0	0.00199071001990711	0.00339750849377123	0	*	*
temp_vcf4_19VR005806.vcf	HA	0.212703109537761	0	3.12095263580412	1	1318.7473017572	379.252698242796	0.00016129178748221	0	0.00236660399732801	0.00263676436485049	0.0425292382784626	0.212646191392313	*
temp_vcf4_19VR005806.vcf	HA_antigenic	0	0	1	0	316	86	0	0	0.00316455696202532	0	0	*	*
temp_vcf4_19VR005806.vcf	HA_nonantigenic	0.212703109537761	0	2.12095263580412	1	1004.7473017572	294.252698242798	0.000211698114705822	0	0.00211093140742433	0.00339843952484292	0.0531615478480783	0.212646191392313	*
temp_vcf4_19VR005946.vcf	HA	0	0	6	4	1319.66666666667	378.333333333332	0	0	0.0045466026774438	0.0105726872246696	0	*	*
temp_vcf4_19VR005946.vcf	HA_antigenic	0	0	2	1	316.666666666667	85.3333333333333	0	0	0.00631578947368421	0.01171875	0	*	*
temp_vcf4_19VR005946.vcf	HA_nonantigenic	0	0	4	3	1005	294.000000000001	0	0	0.00398009950248757	0.010204081632653	0	*	*
temp_vcf4_19VR005949.vcf	HA	0	0	3	1	1318.66666666667	379.333333333332	0	0	0.00227502527805864	0.00263620386643235	0	*	*
temp_vcf4_19VR005949.vcf	HA_antigenic	0	0	0	0	316.333333333333	85.6666666666667	0	0	0	0	*	*	*
temp_vcf4_19VR005949.vcf	HA_nonantigenic	0	0	3	1	1004.33333333333	294.666666666667	0	0	0.00298705609027548	0.00339366515837104	0	*	*
temp_vcf4_19VR006103.vcf	HA	0	0	3	1	1318.33333333333	379.666666666666	0	0	0.002275600505689	0.00263388937664619	0	*	*
temp_vcf4_19VR006103.vcf	HA_antigenic	0	0	1	0	315.666666666667	86.3333333333333	0	0	0.00316789862724393	0	0	*	*
temp_vcf4_19VR006103.vcf	HA_nonantigenic	0	0	2	1	1004.66666666666	294.333333333334	0	0	0.00199071001990711	0.00339750849377123	0	*	*
temp_vcf4_19VR006108.vcf	HA	0.282862154052244	0.0927064557608836	4.14191353414654	2.04868913857678	1319.00925117257	378.960181141839	0.000214450470154615	0.000244633764638678	0.00314017019248688	0.00540608021772605	0.0375209202174358	0.094190729817166	0.0926370127228604
temp_vcf4_19VR006108.vcf	HA_antigenic	0.100501121355316	0	1.05302464525766	0	316	86	0.000318041523276317	0	0.00333235647233435	0	0.0502130322529548	0.10042606450591	*
temp_vcf4_19VR006108.vcf	HA_nonantigenic	0.182361032696928	0.0927064557608836	3.08888888888889	2.04868913857678	1005.00925117257	293.960181141841	0.000181452093584376	0.000315370794101365	0.00307349299052224	0.00696927430993877	0.0343478922085561	0.0910730624727942	0.0926370127228604
temp_vcf4_19VR006112.vcf	HA	0.0527901750139317	0	3.02672511312217	1	1318.32532051282	379.674679487178	4.00433597022901e-05	0	0.00229588635371487	0.00263383378989267	0.00878812941270309	0.0263643882381093	*
temp_vcf4_19VR006112.vcf	HA_antigenic	0.0290120578242622	0	1.01470588235294	0	315.666666666667	86.3333333333333	9.19072581550017e-05	0	0.00321448537176222	0	0.0144896193771625	0.0289792387543251	*
temp_vcf4_19VR006112.vcf	HA_nonantigenic	0.0237781171896695	0	2.01201923076923	1	1004.65865384615	294.341346153847	2.36678568373839e-05	0	0.00200268939412066	0.00339741600378942	0.00593738443047337	0.0237495377218935	*
temp_vcf4_19VR006113.vcf	HA	0.0387342948868079	0.278359467207986	2.01975051975052	1.15633206330565	1319.07335701086	378.926642989142	2.93647769329398e-05	0.000734599881951195	0.00153118892820901	0.00305159873210284	0.0452839570067249	0.0387208734402082	0.092755608535622
temp_vcf4_19VR006113.vcf	HA_antigenic	0	0	0	0	316.333333333333	85.6666666666667	0	0	0	0	*	*	*
temp_vcf4_19VR006113.vcf	HA_nonantigenic	0.0387342948868079	0.278359467207986	2.01975051975052	1.15633206330565	1004.74002367752	294.259976322477	3.85515595815858e-05	0.00094596441788242	0.00201022201977969	0.00392962739193059	0.0452839570067249	0.0387208734402082	0.092755608535622
temp_vcf4_19VR006329.vcf	HA	0	0	2	1	1319	378.999999999999	0	0	0.00151630022744503	0.00263852242744064	0	*	*
temp_vcf4_19VR006329.vcf	HA_antigenic	0	0	0	0	316.333333333333	85.6666666666667	0	0	0	0	*	*	*
temp_vcf4_19VR006329.vcf	HA_nonantigenic	0	0	2	1	1004.66666666666	294.333333333334	0	0	0.00199071001990711	0.00339750849377123	0	*	*
temp_vcf4_19VR006332.vcf	HA	0.203872724666865	0.0265141039946787	2.10593348524718	1.01343429408891	1318.97371565114	379.026284348864	0.000154569209566257	6.99532066495804e-05	0.00159664552845736	0.00267378368186235	0.0329016337007183	0.0679346027475139	0.0265076276624865
temp_vcf4_19VR006332.vcf	HA_antigenic	0	0	0	0	316.333333333333	85.6666666666667	0	0	0	0	*	*	*
temp_vcf4_19VR006332.vcf	HA_nonantigenic	0.203872724666865	0.0265141039946787	2.10593348524718	1.01343429408891	1004.6403823178	294.359617682199	0.00020293104702452	9.00738498149031e-05	0.0020962062866601	0.00344284417159099	0.0329016337007183	0.0679346027475139	0.0265076276624865
temp_vcf4_19VR006520.vcf	HA	0	0	6	8	1319.5	378.499999999999	0	0	0.00454717696097006	0.0211360634081903	0	*	*
temp_vcf4_19VR006520.vcf	HA_antigenic	0	0	2	1	316.666666666667	85.3333333333333	0	0	0.00631578947368421	0.01171875	0	*	*
temp_vcf4_19VR006520.vcf	HA_nonantigenic	0	0	4	7	1004.83333333333	294.166666666667	0	0	0.00398075966163544	0.0237960339943342	0	*	*
temp_vcf4_19VR006679.vcf	HA	0.0285383406402515	0.0218015088675594	3.01447596988998	1.01102026306434	1318.33333333333	379.666666666666	2.16472874641604e-05	5.74227626011223e-05	0.00228658101382299	0.00266291553045921	0.00838841101735458	0.028532832371454	0.0217976337326735
temp_vcf4_19VR006679.vcf	HA_antigenic	0	0	1	0	315.666666666667	86.3333333333333	0	0	0.00316789862724393	0	0	*	*
temp_vcf4_19VR006679.vcf	HA_nonantigenic	0.0285383406402515	0.0218015088675594	2.01447596988998	1.01102026306434	1004.66666666666	294.333333333334	2.84057803320354e-05	7.40708115545617e-05	0.00200511874906104	0.00343494993113593	0.0100660932208255	0.028532832371454	0.0217976337326735
temp_vcf4_19VR006682.vcf	HA	0.0201237940409727	0	3.01016088060965	0	1318.66666666667	379.333333333332	1.52607133778863e-05	0	0.00228273069813674	0	0.00502881855744458	0.0201152742297783	*
temp_vcf4_19VR006682.vcf	HA_antigenic	0	0	1	0	316	86	0	0	0.00316455696202532	0	0	*	*
temp_vcf4_19VR006682.vcf	HA_nonantigenic	0.0201237940409727	0	2.01016088060965	0	1004.66666666666	294.333333333334	2.00303192179557e-05	0	0.00200082370332746	0	0.00670509140992611	0.0201152742297783	*
temp_vcf4_19VR006818.vcf	HA	0.231722417363667	0.0446147300545246	3.13371980676329	1.02282398452611	1318.33333333333	379.666666666666	0.000175769216710746	0.00011751026353255	0.00237703145898605	0.00269400522702225	0.0460472900996463	0.231677640084949	0.0446061005129281
temp_vcf4_19VR006818.vcf	HA_antigenic	0.231722417363667	0	1.13371980676328	0	315.666666666667	86.3333333333333	0.000734073127868005	0	0.00359150941952466	0	0.115838820042475	0.231677640084949	*
temp_vcf4_19VR006818.vcf	HA_nonantigenic	0	0.0446147300545246	2	1.02282398452611	1004.66666666666	294.333333333334	0	0.000151578924307558	0.00199071001990711	0.0034750531750604	0.011151525128232	*	0.0446061005129281
temp_vcf4_19VR007032.vcf	HA	0	0	7	10	1319.83333333333	378.166666666666	0	0	0.00530369996211642	0.0264433671220803	0	*	*
temp_vcf4_19VR007032.vcf	HA_antigenic	0	0	2	2	316.666666666667	85.3333333333333	0	0	0.00631578947368421	0.0234375	0	*	*
temp_vcf4_19VR007032.vcf	HA_nonantigenic	0	0	5	8	1005.16666666666	293.833333333334	0	0	0.00497429945282707	0.0272263187748156	0	*	*
temp_vcf4_19VR007126.vcf	HA	0	0.067313451445997	4	2.03424405963555	1318.33333333333	379.666666666666	0	0.000177296184669001	0.00303413400758533	0.00535797381817969	0.00841237216874249	*	0.03364948867497
temp_vcf4_19VR007126.vcf	HA_antigenic	0	0	2	0	315.666666666667	86.3333333333333	0	0	0.00633579725448786	0	0	*	*
temp_vcf4_19VR007126.vcf	HA_nonantigenic	0	0.067313451445997	2	2.03424405963555	1004.66666666666	294.333333333334	0	0.000228698023032832	0.00199071001990711	0.00691136147101544	0.01121649622499	*	0.03364948867497
temp_vcf4_19VR007190.vcf	HA	0.0857244517127046	0.0937514089416357	2.04348645439905	0.0476502940148666	1319.01900121802	378.980998781983	6.49910665680664e-05	0.000247377597407115	0.00154924716968599	0.000125732673057518	0.0224288054485667	0.0285701744419196	0.0312399734209248
temp_vcf4_19VR007190.vcf	HA_antigenic	0	0.0710441347636027	0	0.0361736298985698	316.333333333333	85.6666666666667	0	0.000829308966112094	0	0.00042226027118953	0.0355150098343286	*	0.0355150098343286
temp_vcf4_19VR007190.vcf	HA_nonantigenic	0.0857244517127046	0.022707274178033	2.04348645439905	0.0114766641162969	1004.68566788468	294.314332115318	8.53246487463025e-05	7.71531376499049e-05	0.00203395601203461	3.89945811806408e-05	0.0180667373199793	0.0285701744419196	0.0226899005941172
temp_vcf4_19VR007191.vcf	HA	0	0.202546643118825	2	1.10818687939375	1319	378.999999999999	0	0.000534423860471837	0.00151630022744503	0.00292397593507586	0.0405014159239016	*	0.101253539809754
temp_vcf4_19VR007191.vcf	HA_antigenic	0	0	0	0	316.333333333333	85.6666666666667	0	0	0	0	*	*	*
temp_vcf4_19VR007191.vcf	HA_nonantigenic	0	0.202546643118825	2	1.10818687939375	1004.66666666666	294.333333333334	0	0.000688153940381059	0.00199071001990711	0.00376507433542609	0.0405014159239016	*	0.101253539809754
temp_vcf4_19VR007270.vcf	HA	0	0	2	2	1319	378.999999999999	0	0	0.00151630022744503	0.00527704485488128	0	*	*
temp_vcf4_19VR007270.vcf	HA_antigenic	0	0	0	0	316.333333333333	85.6666666666667	0	0	0	0	*	*	*
temp_vcf4_19VR007270.vcf	HA_nonantigenic	0	0	2	2	1004.66666666666	294.333333333334	0	0	0.00199071001990711	0.00679501698754246	0	*	*
temp_vcf4_19VR007359.vcf	HA	0	0	2	0	1319	378.999999999999	0	0	0.00151630022744503	0	0	*	*
temp_vcf4_19VR007359.vcf	HA_antigenic	0	0	0	0	316.333333333333	85.6666666666667	0	0	0	0	*	*	*
temp_vcf4_19VR007359.vcf	HA_nonantigenic	0	0	2	0	1004.66666666666	294.333333333334	0	0	0.00199071001990711	0	0	*	*
temp_vcf4_19VR007474.vcf	HA	0	0	3	0	1318.66666666667	379.333333333332	0	0	0.00227502527805864	0	0	*	*
temp_vcf4_19VR007474.vcf	HA_antigenic	0	0	1	0	316	86	0	0	0.00316455696202532	0	0	*	*
temp_vcf4_19VR007474.vcf	HA_nonantigenic	0	0	2	0	1004.66666666666	294.333333333334	0	0	0.00199071001990711	0	0	*	*
temp_vcf4_19VR007493.vcf	HA	0.0317117471258508	0.0259742108109647	4.0161121573551	2.01315789473684	1318.33870405245	379.661295947547	2.40543246044221e-05	6.84141657003489e-05	0.00304634320831963	0.00530251020113194	0.00720933007084903	0.0317051114809197	0.0259695290858726
temp_vcf4_19VR007493.vcf	HA_antigenic	0	0.0259742108109647	2	0.0131578947368421	315.666666666667	86.3333333333333	0	0.000300859584682989	0.00633579725448786	0.000152408047144889	0.00865650969529086	*	0.0259695290858726
temp_vcf4_19VR007493.vcf	HA_nonantigenic	0.0317117471258508	0	2.0161121573551	2	1004.67203738578	294.327962614215	3.15642776406585e-05	0	0.00200673660889492	0.00679514097891358	0.00634102229618394	0.0317051114809197	*
temp_vcf4_19VR007606.vcf	HA	0.0714121313470265	0.029306678637646	3.03613522653	2.01487188675865	1319.31955541021	378.680444589786	5.41280018583689e-05	7.73915818900898e-05	0.00230128873181598	0.0053207708915133	0.0111883453902743	0.0237978936755674	0.0293014274857668
temp_vcf4_19VR007606.vcf	HA_antigenic	0.0253123547391996	0	1.01281816517121	0	316.666666666667	85.3333333333333	7.99337518079988e-05	0	0.00319837315317225	0	0.0126538598128575	0.025307719625715	*
temp_vcf4_19VR007606.vcf	HA_nonantigenic	0.0460997766078268	0.029306678637646	2.02331706135878	2.01487188675865	1004.65288874354	294.347111256454	4.58862728852359e-05	9.95650288958065e-05	0.00201394639285736	0.00684522392001041	0.010769626983822	0.0230429807004936	0.0293014274857668
temp_vcf4_19VR007749.vcf	HA	0.0223719792361423	0	2.01131105398458	1	1319.01508140531	378.984918594686	1.69611246691028e-05	0	0.00152485826912735	0.00263862742535534	0.00559155702116693	0.0223662280846677	*
temp_vcf4_19VR007749.vcf	HA_antigenic	0	0	0	0	316.333333333333	85.6666666666667	0	0	0	0	*	*	*
temp_vcf4_19VR007749.vcf	HA_nonantigenic	0.0223719792361423	0	2.01131105398458	1	1004.68174807198	294.318251928021	2.22677273465702e-05	0	0.0020019384823546	0.00339768258831791	0.00559155702116693	0.0223662280846677	*
temp_vcf4_19VR008338.vcf	HA	0	0	2	1	1319	378.999999999999	0	0	0.00151630022744503	0.00263852242744064	0	*	*
temp_vcf4_19VR008338.vcf	HA_antigenic	0	0	0	0	316.333333333333	85.6666666666667	0	0	0	0	*	*	*
temp_vcf4_19VR008338.vcf	HA_nonantigenic	0	0	2	1	1004.66666666666	294.333333333334	0	0	0.00199071001990711	0.00339750849377123	0	*	*
temp_vcf4_19VR008902.vcf	HA	0	0	8	7	1319	378.999999999999	0	0	0.00606520090978013	0.0184696569920845	0	*	*
temp_vcf4_19VR008902.vcf	HA_antigenic	0	0	3	1	317.333333333333	84.6666666666667	0	0	0.00945378151260504	0.0118110236220472	0	*	*
temp_vcf4_19VR008902.vcf	HA_nonantigenic	0	0	5	6	1003.66666666666	295.333333333334	0	0	0.00498173364330788	0.0203160270880361	0	*	*
temp_vcf4_19VR009188.vcf	HA	0.873952629660303	0.287321741936926	7.40233129551164	7.15522818892152	1318.860090853	378.835293762389	0.000662657575069285	0.000758434461275771	0.00561267366178626	0.0188874381736179	0.057864213679016	0.217782640117725	0.14307685655471
temp_vcf4_19VR009188.vcf	HA_antigenic	0.663053788445145	0.155777761070596	3.28297645680196	1.08480565371025	317.113854293854	84.5815303215303	0.00209090135756328	0.00184174677944959	0.0103526743229571	0.0128255619115242	0.102017418464553	0.220304012699457	0.15522730961805
temp_vcf4_19VR009188.vcf	HA_nonantigenic	0.210898841215158	0.13154398086633	4.11935483870968	6.07042253521127	1003.74623655914	295.253763440861	0.000210111713034286	0.000445528549181993	0.00410398035745659	0.0205600174726551	0.0284287438219916	0.210218522372529	0.130926403491371
