file	sites	sites_coding	sites_noncoding	pi	pi_coding	pi_noncoding	N_sites	S_sites	piN	piS	mean_dN_vs_ref	mean_dS_vs_ref	mean_gdiv_polymorphic	mean_N_gdiv	mean_S_gdiv	mean_gdiv	sites_polymorphic	mean_gdiv_coding_poly	sites_coding_poly	mean_gdiv_noncoding_poly	sites_noncoding_poly
temp_vcf4_18VR002051.vcf	2208	2151	57	0.000164188939748382	0.000168539832154546	0	2234.33918972334	609.66081027666	0.000126746820604051	0.00016548284376161	0.00319786217390925	0.00336494638060827	0.0274042639832943	0.0404112019503151	0.033593760704638	0.000164008670873155	14	0.0258665103777091	14	*	0
temp_vcf4_18VR002899.vcf	2208	2151	57	6.5605076794305e-05	6.73435655796492e-05	0	2234.99545344344	609.004546556567	9.34724409725656e-05	3.73145050404786e-05	0.00183713081073831	0.0147970576915866	0.01445686181841	0.0298031913548914	0.0226874496103198	6.55158507047749e-05	16	0.00964393322374287	15	0	1
temp_vcf4_18VR003450.vcf	2208	2151	57	7.76228611982556e-05	7.96798128897017e-05	0	2235	608.999999999999	7.66851353582766e-05	0	0.00183203890245349	0.0147783251231527	0.0142760787609998	0.171312945131998	*	7.75873845706513e-05	12	0.0155739041029089	11	0	1
temp_vcf4_18VR003775.vcf	2208	2151	57	0.00033376168769795	0.00034260613967321	0	2233.99189048937	610.008109510633	0.000338094503467685	0.000573776882895905	0.000182234812323988	0.00359075354987889	0.138054168471012	0.107808850689797	0.116590464313173	0.000333517970319928	8	0.0920509598083002	8	*	0
temp_vcf4_18VR003821.vcf	2208	2151	57	2.0367369516657e-05	2.09070906056618e-05	0	2234	609.999999999999	0	7.37231998242274e-05	0	0.00331639627070392	0.0224726457704569	*	0.0449452915409139	2.03556574007762e-05	2	0.0224726457704569	2	*	0
temp_vcf4_18VR003996.vcf	2208	2151	57	0.000436516529419573	0.00044808391304436	0	2233.91003398272	610.089966017282	0.000195857017842099	0.00089936265509227	0.000125271532632288	0.00416933014475205	0.140782970001346	0.109298678315119	0.182762025582981	0.000436189326464109	7	0.137586576118965	7	*	0
temp_vcf4_18VR003998.vcf	2208	2151	57	3.09601352519865e-05	3.17805572461116e-05	0	2234.00302419355	609.996975806451	3.05997699627391e-05	0	0.000448310158611838	0.0032787047794063	0.0227724249188136	0.0341586373782204	*	3.0940794726649e-05	3	0.0227724249188136	3	*	0
temp_vcf4_18VR004000.vcf	2208	2151	57	0.000122247239524906	0.000125486706123195	0	2234.01412318557	609.985876814436	0.000120823723569885	0	6.99442862456791e-05	0.00327876443704683	0.0899508564178628	0.134926284626794	*	0.00012221583752427	3	0.0899508564178628	3	*	0
temp_vcf4_18VR004002.vcf	2208	2151	57	0.000123799487982807	0.000127080088082769	0	2233.99870456701	610.001295432989	8.09644259739257e-05	0.00018510161644285	4.11536416245659e-05	0.0033732942026835	0.0326168849293344	0.0301230917263295	0.0376044713353441	0.000123697975939607	9	0.0303472367638503	9	*	0
temp_vcf4_18VR004172.vcf	2208	2151	57	8.44774333668484e-05	8.67160264407258e-05	0	2234.01428252898	609.985717471024	0.000100280371293862	0.000133169717000696	5.0853370882166e-05	0.00334625570992066	0.0381370797583089	0.0279886651050299	0.0270624390754108	8.44305219386711e-05	8	0.0233028240550732	8	*	0
temp_vcf4_18VR004174.vcf	2208	2151	57	0	0	0	2234	609.999999999999	0	0	0	0.00327868852459017	0	*	*	0	1	0	1	*	0
temp_vcf4_18VR004175.vcf	2208	2151	57	3.10812285237084e-05	3.19048594050898e-05	0	2233.88233110617	610.117668893837	4.28886265629186e-05	3.39660381836883e-05	2.19339094750999e-05	0.00493423405297285	0.0290756389254758	0.0477973819574309	0.0207077917870413	3.10258939060109e-05	4	0.017126293436118	4	*	0
temp_vcf4_18VR004235.vcf	2208	2151	57	2.29793728319889e-05	2.35883101873694e-05	0	2234	609.999999999999	1.34595728107279e-05	3.38848681210908e-05	6.82656430721099e-06	0.00329579472558803	0.0168959089802781	0.0300359310996245	0.0206517958412098	2.295639807103e-05	3	0.0168959089802781	3	*	0
temp_vcf4_18VR004245.vcf	2208	2151	57	0.000107865983062099	0.000110724356392894	0	2233.97539341917	610.024606580829	0.000130929167197109	0.000106383249603459	6.75179833762721e-05	0.00333355836738612	0.0714207969305835	0.0584500559333536	0.0648537049861497	0.000107783069591956	5	0.047597003531808	5	*	0
temp_vcf4_18VR004246.vcf	2208	2151	57	5.97055650591337e-05	6.12877208975207e-05	0	2234	609.999999999999	0	0.000216114569918963	0	0.0033949608902043	0.0658956252602703	*	0.131791250520541	5.96880663589405e-05	2	0.0658956252602703	2	*	0
temp_vcf4_18VR004248.vcf	2208	2151	57	6.37542967967537e-05	6.54437412028043e-05	0	2233.84142831445	610.158571685554	1.42681996082325e-05	0.000230709677548835	7.24758795239896e-06	0.00503796509447134	0.0431431101645602	0.0318556946932513	0.0703583729824948	6.37304103102308e-05	4	0.0351791864912474	4	*	0
temp_vcf4_18VR004313.vcf	2208	2151	57	1.1744848458493e-05	1.20560787523721e-05	0	2233.83770651118	610.162293488823	1.16090015495594e-05	0	5.87309162588492e-06	0.00491672466819675	0.00863160757847492	0.0258948227354248	*	1.17277276881453e-05	3	0.00863160757847492	3	*	0
temp_vcf4_18VR004375.vcf	2208	2151	57	0.00010376926395786	0.00010651907708924	0	2234.03373015873	609.966269841269	0.000102560015869892	0.000228423358506877	5.40964963542443e-05	0.00340182744947516	0.0917654130098784	0.0761038840131712	0.13875	0.000103402016322243	4	0.0570779130098784	4	*	0
temp_vcf4_18VR004380.vcf	2208	2151	57	0.00023340697323079	0.000239592095255037	0	2234.03300330033	609.966996699669	0.000160255809404668	0.000474032522829241	8.55618559362157e-05	0.00354725737642026	0.129134817435829	0.119110594473841	0.14417115187881	0.000232818118586918	5	0.102812481167983	5	*	0
temp_vcf4_18VR004487.vcf	2208	2151	57	0.000108440773262147	0.000111314378132413	0	2235.65595716199	608.344042838018	7.62396436008608e-05	0.000179368009936072	0.00227596720292743	0.0115979474171054	0.0186126141883789	0.0567355700895675	0.036327500852327	0.00010829332096786	15	0.0170794037640739	14	0	1
temp_vcf4_18VR004556.vcf	2208	2151	57	0.000607869853169699	0.000623977980380612	0	2233.74577372263	610.254226277374	0.000728718744845292	0.001131483222402	0.000371950205679717	0.00549495648362259	0.0609757891874521	0.0387375446435163	0.0383390618941942	0.000607555572781459	38	0.0353021764395121	38	*	0
temp_vcf4_18VR004638.vcf	2208	2151	57	0.000112361303931242	0.000115338800130257	0	2233.98430127001	609.969974767248	0.000132052336991245	9.6486672381684e-05	6.00912610681725e-05	0.00332781011748688	0.0353480176698634	0.0267937266217263	0.0293745919298222	0.000112234773202175	10	0.0247814379230402	10	*	0
temp_vcf4_18VR004659.vcf	2208	2151	57	0	0	0	2233.83333333334	610.166666666666	0	0	0	0.00491668942911774	0	*	*	0	2	0	2	*	0
temp_vcf4_18VR004845.vcf	2208	2151	57	0	0	0	2233.83333333334	610.166666666666	0	0	0	0.00491668942911774	0	*	*	0	2	0	2	*	0
temp_vcf4_18VR004864.vcf	2208	2151	57	7.77940068003641e-05	7.98554937309176e-05	0	2233.83333333334	610.166666666666	0	0.000373827449843423	0	0.00511109677765112	0.0455994094450996	*	0.0455994094450996	7.77587082349147e-05	5	0.0343382455565383	5	*	0
