file	sites	sites_coding	sites_noncoding	pi	pi_coding	pi_noncoding	N_sites	S_sites	piN	piS	mean_dN_vs_ref	mean_dS_vs_ref	mean_gdiv_polymorphic	mean_N_gdiv	mean_S_gdiv	mean_gdiv	sites_polymorphic	mean_gdiv_coding_poly	sites_coding_poly	mean_gdiv_noncoding_poly	sites_noncoding_poly
temp_vcf4_19VR002740.vcf	2229	2151	78	0	0	0	2287.16666666667	622.833333333332	0	0	0	0.00481669788600483	0	*	*	0	3	0	2	0	1
temp_vcf4_19VR002744.vcf	2229	2151	78	0	0	0	2287.16666666667	622.833333333332	0	0	0	0.00481669788600483	0	*	*	0	3	0	2	0	1
temp_vcf4_19VR003000.vcf	2229	2151	78	0	0	0	2287.16666666667	622.833333333332	0	0	0	0.00481669788600483	0	*	*	0	3	0	2	0	1
temp_vcf4_19VR003002.vcf	2229	2151	78	0	0	0	2287.83333333334	622.166666666666	0	0	0.000437094776717417	0.0192874363782481	0	*	*	0	12	0	10	0	2
temp_vcf4_19VR003004.vcf	2229	2151	78	0	0	0	2287.16666666667	622.833333333332	0	0	0	0.00481669788600483	0	*	*	0	3	0	2	0	1
temp_vcf4_19VR003005.vcf	2229	2151	78	0.000142750327031986	0.000147926768458529	0	2287.20194003528	622.798059964726	0.000189798636269641	4.26484092202588e-05	0.000101423085828492	0.00479539756368756	0.0766443769863663	0.108338974216623	0.0265103650517056	0.000142499576309695	6	0.0635263111188619	5	0	1
temp_vcf4_19VR003124.vcf	2229	2151	78	0	0	0	2287.16666666667	622.833333333332	0	0	0	0.00481669788600483	0	*	*	0	3	0	2	0	1
temp_vcf4_19VR003216.vcf	2229	2151	78	0	0	0	2287.16666666667	622.833333333332	0	0	0	0.00481669788600483	0	*	*	0	3	0	2	0	1
temp_vcf4_19VR003219.vcf	2229	2151	78	9.99434470745329e-06	1.03567616703456e-05	0	2287.16666666667	622.833333333332	0	3.57678260951246e-05	0	0.0048347811834441	0.00556801397318207	*	0.0222720558927283	9.99194970512709e-06	4	0.00742401863090943	3	0	1
temp_vcf4_19VR003231.vcf	2229	2151	78	0	0	0	2287.16666666667	622.833333333332	0	0	0	0.00481669788600483	0	*	*	0	3	0	2	0	1
temp_vcf4_19VR003237.vcf	2229	2151	78	4.50142852814171e-05	4.66466024603806e-05	0	2287.16666666667	622.833333333332	1.30245021289065e-05	0.000113268881091434	6.59958010171602e-06	0.00487431680816978	0.0200349315512073	0.0297330010679957	0.0352208283440205	4.49415243409766e-05	5	0.0200349315512074	5	*	0
temp_vcf4_19VR003316.vcf	2229	2151	78	0.000107771316381294	0.000111679341800979	0	2287.15111771756	622.848882282447	3.01067696020572e-05	0.000275128586310902	1.56059715786742e-05	0.00495906621608404	0.0343080798298497	0.0688384194359604	0.0571060464576624	0.000107741838855517	7	0.0400260931348246	6	0	1
temp_vcf4_19VR003317.vcf	2229	2151	78	0.000276776761124024	0.000286813296394909	0	2287.07174269402	622.928257305988	0.000295368469186995	0	0.00016189376117698	0.00481596390084191	0.0843627109559063	0.112483614607875	*	0.000276522736650728	8	0.0880527399992105	7	0	1
temp_vcf4_19VR003373.vcf	2229	2151	78	0	0	0	2287.16666666667	622.833333333332	0	0	0	0.00481669788600483	0	*	*	0	3	0	2	0	1
temp_vcf4_19VR003464.vcf	2229	2151	78	4.86310363045067e-05	5.03945048455348e-05	0	2287.64862245669	622.319558313428	9.17652659471672e-06	0.000176117812564541	0.000874260137840667	0.0370330027880824	0.00483540434926583	0.0209878280570917	0.0273920223432714	4.86174530161372e-05	27	0.00433473211091879	25	0	2
temp_vcf4_19VR003468.vcf	2229	2151	78	0.000148766825863625	0.000140286895887248	0.000382617202519853	2287.7098050638	622.290194936204	5.71767318633052e-05	0.000481955677043688	0.000903338587789337	0.0436330003194021	0.0116373299738463	0.032689912648889	0.0299821558436758	0.000148718746359119	37	0.00887253189797545	34	0.00994266703443699	3
temp_vcf4_19VR003542.vcf	2229	2151	78	0	0	0	2287.16666666667	622.833333333332	0	0	0	0.00481669788600483	0	*	*	0	3	0	2	0	1
temp_vcf4_19VR003675.vcf	2229	2151	78	0.00016313616365392	0.000169051840439139	0	2287.18423818521	622.815761814791	0.000136184201629695	0.000220318666664188	7.0075814846991e-05	0.00492899228519043	0.0407359687625409	0.0518439538098885	0.0342579833821547	0.000162942389000909	11	0.0363198585083026	10	0	1
temp_vcf4_19VR003676.vcf	2229	2151	78	1.5030266427706e-05	1.55752970094638e-05	0	2287.66666666667	622.333333333332	0	0.000107667264704949	0.000874253242022438	0.037012440418206	0.00279123776087074	*	0.0334948531304489	1.50268520100713e-05	24	0.00152249332411131	22	0	2
temp_vcf4_19VR003677.vcf	2229	2151	78	1.46725555678401e-05	1.52046147655581e-05	0	2285.83887210474	624.161127895266	1.43077129188032e-05	0	0.000882221550612862	0.00480645119653046	0.00653608492072912	0.0326804246036456	*	1.466147357723e-05	5	0.00817010615091139	4	0	1
temp_vcf4_19VR003678.vcf	2229	2151	78	8.59222730977831e-05	8.90380040608827e-05	0	2287.63463721607	622.365362783929	7.25109268940568e-05	0.000296793340369534	0.000892686669307977	0.0368695779834234	0.0129662509039526	0.0276072165349883	0.0263493535995415	8.58035878740307e-05	27	0.00765024789484858	25	0	2
temp_vcf4_19VR003752.vcf	2229	2151	78	0	0	0	2287.16666666667	622.833333333332	0	0	0	0.0192667915440193	0	*	*	0	11	0	9	0	2
temp_vcf4_19VR003890.vcf	2229	2151	78	0	0	0	2287.66666666667	622.333333333332	0	0	0.000874253242022438	0.0433851098018212	0	*	*	0	26	0	24	0	2
temp_vcf4_19VR003891.vcf	2229	2151	78	0.000126757508158606	0.000131354014730606	0	2287.64260005957	622.35739994043	0.000158082490850253	9.89979925694709e-05	0.000956528078241599	0.0433952203761232	0.0140703528865833	0.0721243321141348	0.0307444630134128	0.000126432893998361	30	0.0100649614543695	28	0	2
temp_vcf4_19VR003895.vcf	2229	2151	78	0.00014840519547909	0.000153786694896742	0	2287.16666666667	622.833333333332	0.000144630990624306	0	9.09422138016467e-05	0.00481669788600483	0.109824	0.329472	*	0.000147811574697174	3	0.109824	3	*	0
temp_vcf4_19VR003909.vcf	2229	2151	78	6.57368019153022e-05	6.81205632120914e-05	0	2287.15796019901	622.842039800994	1.19883179693519e-05	0.000235256007311301	6.07255341807716e-06	0.00493903728045155	0.0289706627214954	0.0273919753086418	0.0488106670067769	6.56940336564965e-05	6	0.0292864002040661	5	0	1
temp_vcf4_19VR003913.vcf	2229	2151	78	0.000242039500651532	0.000250816386309747	0	2287.21932558308	622.780674416927	0.000236477959005158	0.000260689602399002	0.000123051206499761	0.0049511804201665	0.0585745136101484	0.067576100526181	0.054095119704111	0.000241925144597393	12	0.0490228315734171	11	0	1
temp_vcf4_19VR003920.vcf	2229	2151	78	0.000263976007137927	0.000157857567737054	0.0031903960475389	2287.11355407923	622.886445920769	9.47713276661503e-05	0.000608914651225047	4.864986579251e-05	0.00484215676126517	0.0742038685574769	0.0539973876608978	0.0944103494540559	0.000262495122035749	8	0.0563704755990849	6	0.123439386711588	2
temp_vcf4_19VR004002.vcf	2229	2151	78	5.43278606780565e-05	5.62979086245411e-05	0	2287.64970676811	622.35029323189	1.06961084441279e-05	0.000310525609633206	0.000879672518497299	0.0371201872041826	0.00870489241695894	0.0244585014596266	0.0965819044821734	5.4302559866218e-05	25	0.00526262634529565	23	0	2
temp_vcf4_19VR004328.vcf	2229	2151	78	2.43484976650993e-05	2.52314278454236e-05	0	2287.16666666667	622.833333333332	0	8.71385624225417e-05	0.000437222181738686	0.0193115999837517	0.00387561754537737	*	0.0542586456352832	2.43421469875653e-05	14	0.0049326041486621	11	0	3
temp_vcf4_19VR004453.vcf	2229	2151	78	1.09406485177774e-05	1.1337380542132e-05	0	2287.16666666667	622.833333333332	0	3.91544643502155e-05	0	0.00644207400382431	0.00487447545639954	*	0.0243723772819977	1.09342204046647e-05	5	0.00609309432049943	4	0	1
temp_vcf4_19VR004454.vcf	2229	2151	78	0.000284905120178446	0.000295236407660509	0	2287.18258883479	622.817411165213	0.000307478130719674	0.00024522028676634	0.000172238637673241	0.00655192402225033	0.0950566706199013	0.17571078174264	0.0763334543042761	0.000284755124068413	9	0.0793398964435617	8	0	1
temp_vcf4_19VR004455.vcf	2229	2151	78	0.00424709115331626	0.00405967876469665	0.00941534817794156	2286.96152959039	622.77217827478	0.00150765127847099	0.0149378232601618	0.000777495235748764	0.0141870552009444	0.0855308578711758	0.0908871603969659	0.0677578012226397	0.0042446715141746	149	0.0637075205616672	137	0.0611202073455639	12
temp_vcf4_19VR004458.vcf	2229	2151	78	0	0	0	2287.16666666667	622.833333333332	0	0	0	0.00642226384800643	0	*	*	0	4	0	3	0	1
temp_vcf4_19VR004462.vcf	2229	2151	78	3.9712690700663e-05	4.11527603773956e-05	0	2287.18986797907	622.810132020935	3.87023346032888e-05	0	2.02880510466491e-05	0.00481687732064571	0.022124710603539	0.0884988424141562	*	3.97033837658843e-05	4	0.0294996141380521	3	0	1
temp_vcf4_19VR004469.vcf	2229	2151	78	6.61167938489921e-05	6.85143344906571e-05	0	2287.0594886711	622.833337292079	7.40469820865078e-05	0	2.19647217388111e-05	0.00481669785538975	0.0211500981081564	0.0282001308108751	*	6.60583363938267e-05	8	0.0210348616888343	7	0	1
temp_vcf4_19VR004555.vcf	2229	2151	78	0.000109724182832503	0.000113703023493096	0	2287.22218301577	622.777816984238	0.000147061719745439	0	7.84931212483948e-05	0.00481712726141613	0.067185554876425	0.111975924794042	*	0.000109602406704729	5	0.0610759411362101	4	0	1
temp_vcf4_19VR004571.vcf	2229	2151	78	0	0	0	2287.16666666667	622.833333333332	0	0	0	0.00642226384800643	0	*	*	0	4	0	3	0	1
temp_vcf4_19VR004578.vcf	2229	2151	78	0	0	0	2287.16666666667	622.833333333332	0	0	0	0.00642226384800643	0	*	*	0	4	0	3	0	1
temp_vcf4_19VR004702.vcf	2229	2151	78	0	0	0	2287.16666666667	622.833333333332	0	0	0	0.00642226384800643	0	*	*	0	4	0	3	0	1
temp_vcf4_19VR004825.vcf	2229	2151	78	0	0	0	2287.16666666667	622.833333333332	0	0	0	0.00642226384800643	0	*	*	0	4	0	3	0	1
temp_vcf4_19VR005044.vcf	2229	2151	78	8.86579393824069e-05	9.18728716333728e-05	0	2287.16802208161	622.831977918398	5.89110746428e-05	0.000158232354299491	2.9885237672519e-05	0.00650272444554026	0.0233194924090034	0.0269369209712877	0.0328367730778652	8.86212828082005e-05	10	0.021948537708831	9	0	1
temp_vcf4_19VR005160.vcf	2229	2151	78	0.000133327125617175	8.99865882622911e-05	0.00132852579036532	2287.15933333334	622.840666666666	8.71994447328949e-05	7.99728532053519e-05	3.64354823076678e-05	0.00485392173437488	0.0226329326656159	0.028457779339983	0.0248789019709469	0.00013291749050538	11	0.0214836674155586	9	0.0514600397982322	2
temp_vcf4_19VR005334.vcf	2229	2151	78	0.000160315230800658	0.000166128614344336	0	2287.15950075793	622.84049924207	0.000124678366845961	0.000251753904908731	6.35677772284176e-05	0.00655006349656425	0.0294472950267359	0.0356249888249545	0.0313419029602804	0.000160226286337005	15	0.0255103137317988	14	0	1
temp_vcf4_19VR005339.vcf	2229	2151	78	1.08242544621041e-05	1.12167657815109e-05	0	2287.16666666667	622.833333333332	0	3.87379125437999e-05	0	0.00644186908790234	0.00603084667693182	*	0.0241233867077273	1.08225153466699e-05	4	0.00804112890257576	3	0	1
temp_vcf4_19VR005340.vcf	2229	2151	78	4.67984983147612e-05	4.84955149900524e-05	0	2287.82494203379	622.175057966213	1.08685205147433e-05	0.000214828284360061	0.00131679084967178	0.0241780425935647	0.0093225106854546	0.0248570360555171	0.044541881865737	4.67851953029351e-05	17	0.00695228002201615	15	0	2
temp_vcf4_19VR005507.vcf	2229	2151	78	9.68453455162442e-06	1.00357171155606e-05	0	2287.83333333334	622.166666666666	0	3.46962135262323e-05	0.000437094776717417	0.0241268308625845	0.00143878777637827	*	0.021581816645674	9.68228651667745e-06	15	0.00166013974197493	13	0	2
temp_vcf4_19VR005510.vcf	2229	2151	78	0	0	0	2287.16666666667	622.833333333332	0	0	0	0.00321113192400322	0	*	*	0	2	0	1	0	1
temp_vcf4_19VR005511.vcf	2229	2151	78	3.24126094311433e-05	3.35879620743925e-05	0	2287.11666666667	622.883333333332	6.31779807956319e-05	0	0.00134448760083657	0.0048163112407353	0.020625	0.0721874999999998	*	3.23855989232839e-05	7	0.0144375	5	0	2
temp_vcf4_19VR005512.vcf	2229	2151	78	5.52721900018272e-05	5.72764814105406e-05	0	2287.16666666667	622.833333333332	4.02283404685032e-05	8.4361088065563e-05	0.00131329651565577	0.00485944643774609	0.0160519204644227	0.0306467404387427	0.0262635314317883	5.52457369332317e-05	9	0.0175918210891676	7	0	2
temp_vcf4_19VR005517.vcf	2229	2151	78	0.000149749992124249	0.000155180256831683	0	2287.19767053926	622.802329460742	0.000108041961058328	0.000305477059786801	5.59318837103519e-05	0.0033679058762808	0.0546475945280085	0.0617523113160784	0.0475428777399385	0.000149689357971301	8	0.0476653684168615	7	0	1
temp_vcf4_19VR005524.vcf	2229	2151	78	0	0	0	2287.16666666667	622.833333333332	0	0	0	0.00321113192400322	0	*	*	0	2	0	1	0	1
temp_vcf4_19VR005611.vcf	2229	2151	78	5.87407835801968e-05	6.08708538355456e-05	0	2287.14728920076	622.820889445437	5.72473872664374e-05	0	2.50454187912308e-05	0.00321119608204023	0.026182131340637	0.0436368855677283	*	5.87306669821377e-05	5	0.0327276641757963	4	0	1
temp_vcf4_19VR005613.vcf	2229	2151	78	0	0	0	2287.16666666667	622.833333333332	0	0	0	0.00642226384800643	0	*	*	0	4	0	3	0	1
temp_vcf4_19VR005785.vcf	2229	2151	78	0.000174815161053781	0.000181154344020864	0	2287.08647194466	622.913528055341	0.000159892481917742	3.84885871783875e-05	0.000105192422314304	0.00323019605748374	0.0973445210900096	0.365406850167287	0.0239712341927516	0.000174687341570228	4	0.12979269478668	3	0	1
temp_vcf4_19VR005799.vcf	2229	2151	78	5.46782699289407e-05	5.66610244870334e-05	0	2286.5	623.499999999999	0	0.000390947437599387	0.00174939864421605	0.00341641858268063	0.0486676674798274	*	0.121669168699569	5.45846427544049e-05	5	0.0304172921748921	4	0	1
temp_vcf4_19VR005803.vcf	2229	2151	78	0	0	0	2287.16666666667	622.833333333332	0	0	0	0.00321113192400322	0	*	*	0	2	0	1	0	1
temp_vcf4_19VR005806.vcf	2229	2151	78	0.000129081446253542	0.000133762223941955	0	2287.10641281645	622.893587183555	0.000125801992459472	0	0.00137966990105654	0.00642164260846897	0.028763301158843	0.0958776705294767	*	0.000129041279312889	10	0.0359541264485537	8	0	2
temp_vcf4_19VR005946.vcf	2229	2151	78	0.000144718110201896	0.000149965907782439	0	2287.16666666667	622.833333333332	0.00013136576641633	3.55171510058466e-05	8.04447024943341e-05	0.0273125706660676	0.0201490511855883	0.300275918574759	0.0221089003946546	0.00014463204081176	16	0.0230274870692438	14	0	2
temp_vcf4_19VR005949.vcf	2229	2151	78	8.0318610772179e-05	8.32311405909748e-05	0	2287.16666666667	622.833333333332	0	0.000287444768655907	0	0.00657391504031549	0.0357946564388129	*	0.0894866410970323	8.02930830839231e-05	5	0.0447433205485162	4	0	1
temp_vcf4_19VR006103.vcf	2229	2151	78	0	0	0	2287.16666666667	622.833333333332	0	0	0	0.00321113192400322	0	*	*	0	2	0	1	0	1
temp_vcf4_19VR006108.vcf	2229	2151	78	0.000356106587279155	0.00036901979685971	0	2287.0141543591	622.777149988729	0.000416312188201566	0.000351883042393858	0.000631869993466377	0.00499951957705962	0.116818453885278	0.135681761580108	0.0728040692640087	0.000355210379123225	10	0.0791763935065668	10	*	0
temp_vcf4_19VR006112.vcf	2229	2151	78	1.32761760147005e-05	1.37575994127231e-05	0	2287.15667380443	622.843326195574	0	4.75121031119073e-05	0	0.00323514631788665	0.0147646144463958	*	0.0295292288927915	1.32477473722708e-05	2	0.0147646144463958	2	*	0
temp_vcf4_19VR006113.vcf	2229	2151	78	0.000158575669247998	0.000164325972456433	0	2287.19875063445	622.801249365548	5.33334575000792e-05	0.000371677079370668	2.75572046709938e-05	0.00341793308702353	0.05888315220771	0.06096683463944	0.11568262198369	0.000158501082658708	6	0.070659782649252	5	0	1
temp_vcf4_19VR006329.vcf	2229	2151	78	0	0	0	2287.16666666667	622.833333333332	0	0	0	0.00481669788600483	0	*	*	0	3	0	2	0	1
temp_vcf4_19VR006332.vcf	2229	2151	78	7.88343103549249e-05	8.16930161697478e-05	0	2287.13527653214	622.864723467861	2.70386925692391e-05	0.000232476007264829	1.37246514673776e-05	0.0033370623683084	0.0516338043107732	0.0308974642562692	0.144740288730555	7.8796659034017e-05	4	0.0585459176622746	3	0	1
temp_vcf4_19VR006520.vcf	2229	2151	78	2.68065047089925e-05	2.77785676412572e-05	0	2287.82819667895	622.171803321056	0	9.60372981825905e-05	0.00131128727426074	0.0257659055598025	0.00351412452736103	*	0.0597401169651375	2.68013086429509e-05	17	0.0039826744643425	15	0	2
temp_vcf4_19VR006679.vcf	2229	2151	78	0	0	0	2287.16666666667	622.833333333332	0	0	0	0.00481669788600483	0	*	*	0	3	0	2	0	1
temp_vcf4_19VR006682.vcf	2229	2151	78	6.79196071194655e-05	7.03825217430445e-05	0	2287.07819363181	622.823328212288	7.60369627340112e-05	0.000108644899355751	2.40689707928765e-05	0.00487170111162438	0.0241417225731889	0.0217244531584674	0.02254053348805	6.78788521635165e-05	10	0.0168113290524976	9	0	1
temp_vcf4_19VR006818.vcf	2229	2151	78	0	0	0	2287.16666666667	622.833333333332	0	0	0	0.00321113192400322	0	*	*	0	2	0	1	0	1
temp_vcf4_19VR007032.vcf	2229	2151	78	0	0	0	2287.16666666667	622.833333333332	0	0	0.000437222181738686	0.0256890553920257	0	*	*	0	14	0	12	0	2
temp_vcf4_19VR007126.vcf	2229	2151	78	3.69506577672307e-05	3.82905700433088e-05	0	2287.16666666667	622.833333333332	0	0.000264478510558707	0	0.00495484140161164	0.0411694561330619	*	0.0823389122661238	3.69398439955692e-05	4	0.0274463040887079	3	0	1
temp_vcf4_19VR007190.vcf	2229	2151	78	0.000143737535048545	0.000148949774813206	0	2287.15957581514	622.840424184868	9.20368311632805e-06	0.000480605725042151	4.65043078559713e-06	0.00670724064778338	0.0457583262664179	0.0210462938161575	0.149630995024384	0.000143700441392968	7	0.0533847139774875	6	0	1
temp_vcf4_19VR007191.vcf	2229	2151	78	5.92994943950143e-05	6.14498247356982e-05	0	2287.16448170322	622.835518296785	3.57527310814887e-05	8.09301892269417e-05	1.82611081526758e-05	0.00325264377103199	0.0264262764193484	0.0408724686940309	0.0503864447086801	5.92783230582064e-05	5	0.0330328455241855	4	0	1
temp_vcf4_19VR007270.vcf	2229	2151	78	0	0	0	2287.16666666667	622.833333333332	0	0	0	0.00321113192400322	0	*	*	0	2	0	1	0	1
temp_vcf4_19VR007359.vcf	2229	2151	78	0	0	0	2287.16666666667	622.833333333332	0	0	0	0.00642226384800643	0	*	*	0	4	0	3	0	1
temp_vcf4_19VR007474.vcf	2229	2151	78	0.00017721262567672	0.000183638745994146	0	2287.16666666667	622.833333333332	0	0.000634209701846522	0	0.00598776053722143	0.0986931292870414	*	0.394772517148166	0.000177107454978989	4	0.131590839049389	3	0	1
temp_vcf4_19VR007493.vcf	2229	2151	78	0.000130788063625532	0.000108815307098716	0.000736729080153499	2287.15727745911	622.842722540897	4.47347032572254e-05	0.000255624407489033	2.27991348127246e-05	0.00494759016261088	0.0237669041612491	0.0340937721558101	0.0397886573265775	0.000130735590764337	11	0.0292476641510299	8	0.0191427728684891	3
temp_vcf4_19VR007606.vcf	2229	2151	78	3.17982153784273e-05	3.29512887394303e-05	0	2287.15305254202	622.846947457987	0	0.000163339244724732	0	0.00650518790146002	0.0169430266855078	*	0.0338860533710157	3.17780359624423e-05	6	0.0141666484320568	5	0	1
temp_vcf4_19VR007749.vcf	2229	2151	78	9.16305258648351e-06	9.49532506521234e-06	0	2287.16666666667	622.833333333332	0	3.2792792424841e-05	0	0.00322769419424231	0.00680608249285197	*	0.0204182474785559	9.16027253412109e-06	3	0.010209123739278	2	0	1
temp_vcf4_19VR008338.vcf	2229	2151	78	0	0	0	2287.16666666667	622.833333333332	0	0	0	0.00321113192400322	0	*	*	0	2	0	1	0	1
temp_vcf4_19VR008902.vcf	2229	2151	78	1.26067555166127e-05	1.30639042522221e-05	0	2287.16666666667	622.833333333332	1.22861435749601e-05	0	6.22984973979993e-06	0.0224779234680225	0.00216087370440509	0.0280913581572662	*	1.26026730180647e-05	13	0.00255375983247874	11	0	2
temp_vcf4_19VR009188.vcf	2229	2151	78	0.000115911717930939	0.000120114932249216	0	2287.26738609113	622.732613908872	0.000112958904953218	0	6.60522410319665e-05	0.0192699077131618	0.0256508462294912	0.256508462294912	*	0.000115077820679638	10	0.0256508462294912	10	*	0
