file	product	N_diffs	S_diffs	N_diffs_vs_ref	S_diffs_vs_ref	N_sites	S_sites	piN	piS	mean_dN_vs_ref	mean_dS_vs_ref	mean_gdiv_polymorphic	mean_N_gdiv	mean_S_gdiv
temp_vcf4_17VR013816.vcf	PA	0	0	0	0	1688	459.999999999999	0	0	0	0	*	*	*
temp_vcf4_17VR013816.vcf	PA-X	0	0	0	0	595.666666666667	160.333333333333	0	0	0	0	*	*	*
temp_vcf4_17VR013817.vcf	PA	0	0	0	0	1688	459.999999999999	0	0	0	0	*	*	*
temp_vcf4_17VR013817.vcf	PA-X	0	0	0	0	595.666666666667	160.333333333333	0	0	0	0	*	*	*
temp_vcf4_17VR013818.vcf	PA	0.069618608683378	0.114761474176721	0.0354060753409021	0.058156190720685	1687.99122255044	460.008777449567	4.12434660520268e-05	0.000249476705233745	2.09752721861942e-05	0.000126424089216561	0.0306882723288498	0.0347689886909954	0.028647914147777
temp_vcf4_17VR013818.vcf	PA-X	0.0647684010047989	0.0891942143987408	0.0160213618157543	0.0452450790386104	595.719323824344	160.331259833244	0.000108723015041723	0.000556312065978332	2.68941449018338e-05	0.000282197489657778	0.0307473752151611	0.0315293555626459	0.0296845611823338
temp_vcf4_17VR013863.vcf	PA	0	0	0	0	1688	459.999999999999	0	0	0	0	*	*	*
temp_vcf4_17VR013863.vcf	PA-X	0	0	0	0	595.666666666667	160.333333333333	0	0	0	0	*	*	*
temp_vcf4_17VR013864.vcf	PA	0.12489246125369	0.143069719175867	0.0632212380508617	0.0743023418999892	1687.98639744158	460.013602558422	7.39890211455407e-05	0.000311011931778031	3.74536418934915e-05	0.00016152205388438	0.0382624104534014	0.0249619693190965	0.0715135132891636
temp_vcf4_17VR013864.vcf	PA-X	0.0782263699328377	0.111225515688309	0.0396184623930571	0.0569850207054935	595.654812971482	160.345187028518	0.000131328360367975	0.000693662951470615	6.65124523974155e-05	0.00035538965504065	0.0315575980203354	0.0260560773118168	0.037059118728854
temp_vcf4_17VR014028.vcf	PA	0	0	0	0	1688	459.999999999999	0	0	0	0	*	*	*
temp_vcf4_17VR014028.vcf	PA-X	0	0	0	0	595.666666666667	160.333333333333	0	0	0	0	*	*	*
temp_vcf4_17VR014029.vcf	PA	0	0	0	0	1688	459.999999999999	0	0	0	0	*	*	*
temp_vcf4_17VR014029.vcf	PA-X	0	0	0	0	595.666666666667	160.333333333333	0	0	0	0	*	*	*
temp_vcf4_17VR014030.vcf	PA	0.373160892263882	0.0532984244237692	0.247093023255814	0.0273037542662116	1688.01820250285	459.981797497155	0.000221064495460174	0.00011587072513255	0.000146380544291196	5.93583363836924e-05	0.212596320383298	0.372076122228231	0.0531165185383637
temp_vcf4_17VR014030.vcf	PA-X	0	0	0	0	595.666666666667	160.333333333333	0	0	0	0	*	*	*
temp_vcf4_17VR014031.vcf	PA	0.285779628152357	0.0737914083684488	0.146711683647279	0.0376500607253581	1688.0342181626	459.965781837403	0.000169297295681259	0.000160428038959067	8.69127426853778e-05	8.18540470009731e-05	0.044920623848551	0.0475998985919718	0.0368827996182884
temp_vcf4_17VR014031.vcf	PA-X	0.0969368388318985	0	0.0497324902723735	0	595.668571660182	160.331428339818	0.000162736198355617	0	8.34902035099227e-05	0	0.0484143253257052	0.0484143253257052	*
temp_vcf4_17VR014077.vcf	PA	0.279627537411401	0.225628551657615	0.144183479640425	0.129449838187702	1687.91837304475	460.08162695525	0.000165664135112763	0.000490409828253283	8.54208840563417e-05	0.000281362763917311	0.0721124347932097	0.0465669813984514	0.22538515516176
temp_vcf4_17VR014077.vcf	PA-X	0	0	0	0	595.666666666667	160.333333333333	0	0	0	0	*	*	*
temp_vcf4_17VR014149.vcf	PA	0.0638514818032629	0.210593631857339	0.0329861111111111	0.11501421585352	1687.97800925926	460.02199074074	3.78272000304571e-05	0.00045779035806144	1.95417896028079e-05	0.000250018951633858	0.0914275127773486	0.0637960551697532	0.105243241581146
temp_vcf4_17VR014149.vcf	PA-X	0.0638514818032629	0	0.0329861111111111	0	595.644675925926	160.355324074074	0.000107197267740211	0	5.5378839842452e-05	0	0.0637960551697532	0.0637960551697532	*
temp_vcf4_17VR014170.vcf	PA	0.355140220859313	0.0301525492522879	0.218501639709921	0.0153038915609969	1688.00556043313	459.99443956687	0.000210390433055319	6.55498124731236e-05	0.000129443672954404	3.32697316415543e-05	0.128374404437417	0.17749192419204	0.0301393649281725
temp_vcf4_17VR014170.vcf	PA-X	0.0328348950996079	0	0.0166812993854258	0	595.672227099795	160.327772900205	5.51224206968222e-05	0	2.80041583718677e-05	0	0.0328060672724793	0.0328060672724793	*
temp_vcf4_17VR014171.vcf	PA	0.045657408757199	0.90194768556585	0.0230898424481829	0.726141244799861	1687.91715285927	460.08284714073	2.70495555305288e-05	0.00196040276478719	1.36794880063098e-05	0.00157828367067497	0.189485433842637	0.0228232718813403	0.300593541816834
temp_vcf4_17VR014171.vcf	PA-X	0.0228130137874105	0	0.0115361262902247	0	595.674357417527	160.325642582473	3.82977939260531e-05	0	1.93664980648791e-05	0	0.0228060881608811	0.0228060881608811	*
temp_vcf4_17VR014172.vcf	PA	0.189275376296978	0.0262539502471437	0.0969143734553272	0.0132890365448505	1687.98719909117	460.012800908836	0.000112130812602659	5.70722166758716e-05	5.74141637492909e-05	2.88884059717375e-05	0.0430328412175171	0.0472348324956163	0.0262248761051203
temp_vcf4_17VR014172.vcf	PA-X	0.107281432858866	0	0.0550396046798925	0	595.693767410314	160.306232589686	0.000180094939259235	0	9.23958041716108e-05	0	0.0535217646548543	0.0535217646548543	*
temp_vcf4_17VR014174.vcf	PA	0.137247068172168	1.13351581233273	0.0699661150469834	0.976502048013195	1687.74670403837	460.253295961634	8.13197074204136e-05	0.00246280868008649	4.14553409463467e-05	0.00212166225984962	0.15880622440405	0.0343001448011166	0.283312304006984
temp_vcf4_17VR014174.vcf	PA-X	0.0540494138782456	0.0234693459413788	0.0273897691706123	0.0118715083798883	595.648406820553	160.351593179447	9.074046578375e-05	0.000146361788342911	4.59831149667858e-05	7.40342402872358e-05	0.0258293347929559	0.0270134265207593	0.0234611513373491
temp_vcf4_17VR014176.vcf	PA	0	0.178927688204367	0	0.0993003229278794	1688.01655005382	459.983449946178	0	0.000388987230356448	0	0.000215878034176009	0.178879537588597	*	0.178879537588597
temp_vcf4_17VR014176.vcf	PA-X	0	0	0	0	595.666666666667	160.333333333333	0	0	0	0	*	*	*
temp_vcf4_17VR014177.vcf	PA	0.554366714379208	0.0375184716472596	0.569075639756846	0.0191193511008111	1687.7105998795	460.289400120498	0.000328472615162094	8.15106140559346e-05	0.000337187927715496	4.1537674115037e-05	0.1479429809597	0.184754773603404	0.0375076030285899
temp_vcf4_17VR014177.vcf	PA-X	0.0375184716472596	0	0.0191193511008111	0	595.660293549633	160.339706450367	6.29863565752908e-05	0	3.20977431395937e-05	0	0.0375076030285899	0.0375076030285899	*
temp_vcf4_17VR014303.vcf	PA	0	0	0	0	1688	459.999999999999	0	0	0	0	*	*	*
temp_vcf4_17VR014303.vcf	PA-X	0	0	0	0	595.666666666667	160.333333333333	0	0	0	0	*	*	*
temp_vcf4_17VR014305.vcf	PA	0	0.0222951701838379	0	0.0112711333750783	1688	459.999999999999	0	4.84677612692129e-05	0	2.45024638588659e-05	0.0222881898550389	*	0.0222881898550389
temp_vcf4_17VR014305.vcf	PA-X	0	0.0222951701838379	0	0.0112711333750783	595.666666666667	160.333333333333	0	0.000139055115491712	0	7.02981291584924e-05	0.0222881898550389	*	0.0222881898550389
temp_vcf4_17VR014310.vcf	PA	0	0	0	0	1688	459.999999999999	0	0	0	0	*	*	*
temp_vcf4_17VR014310.vcf	PA-X	0	0	0	0	595.666666666667	160.333333333333	0	0	0	0	*	*	*
temp_vcf4_17VR014358.vcf	PA	0.260488160262028	0.192269216467671	0.133973217284382	0.097712619062814	1688.02920302753	459.970796972474	0.000154314960780794	0.000418003094399005	7.93666466457434e-05	0.000212432223319302	0.0376878391185188	0.0433623921188705	0.0320132861181672
temp_vcf4_17VR014358.vcf	PA-X	0.1116662356606	0.13251298675121	0.0571911594447097	0.0685688405797101	595.689302665207	160.310697334794	0.00018745717803054	0.000826601025098589	9.60083707879721e-05	0.000427724672898844	0.0487725138067876	0.0371771131271847	0.066165614826192
temp_vcf4_17VR014360.vcf	PA	0.933037724787405	0.0265874511814467	0.995729670809316	0.0134656272147413	1687.99198717949	460.008012820512	0.000552750091157981	5.7797800126192e-05	0.000589890045907805	2.92725927363257e-05	0.159811193165067	0.186459710158699	0.0265686081969099
temp_vcf4_17VR014360.vcf	PA-X	0	0	0	0	595.666666666667	160.333333333333	0	0	0	0	*	*	*
temp_vcf4_17VR014361.vcf	PA	0.0759496325362665	0	0.0384326722217985	0	1688.01875536451	459.981244635496	4.49933582164887e-05	0	2.27679177732237e-05	0	0.025286889382979	0.025286889382979	*
temp_vcf4_17VR014361.vcf	PA-X	0	0.028771466876636	0	0.0145772594752187	595.67638483965	160.32361516035	0	0.000179458695762691	0	9.09239693768071e-05	0.0287295259628217	*	0.0287295259628217
temp_vcf4_17VR014363.vcf	PA	0	0	0	0	1688	459.999999999999	0	0	0	0	*	*	*
temp_vcf4_17VR014363.vcf	PA-X	0	0	0	0	595.666666666667	160.333333333333	0	0	0	0	*	*	*
temp_vcf4_17VR014364.vcf	PA	0	0	0	0	1688	459.999999999999	0	0	0	0	*	*	*
temp_vcf4_17VR014364.vcf	PA-X	0	0	0	0	595.666666666667	160.333333333333	0	0	0	0	*	*	*
temp_vcf4_17VR014365.vcf	PA	0.0275808655056313	0	0.013984058173682	0	1688.00932270545	459.99067729455	1.63392850588207e-05	0	8.28434889877805e-06	0	0.027577008581354	0.027577008581354	*
temp_vcf4_17VR014365.vcf	PA-X	0	0	0	0	595.666666666667	160.333333333333	0	0	0	0	*	*	*
temp_vcf4_17VR014366.vcf	PA	0.169410405476631	0.0390139577827711	0.0885719721839649	0.019893255701116	1688.03127091202	459.968729087979	0.000100359755412055	8.48187176987609e-05	5.24705754628056e-05	4.32491481335266e-05	0.0520693520903596	0.0564274600679955	0.038995028157452
temp_vcf4_17VR014366.vcf	PA-X	0.0238775500904522	0	0.0120663650075415	0	595.658622423329	160.341377576672	4.00859639927828e-05	0	2.02571818039864e-05	0	0.0238415356860924	0.0238415356860924	*
temp_vcf4_17VR014367.vcf	PA	0.0495662377601234	0.0589429459465344	0.0254252147992285	0.0303885391795094	1688.00754641872	459.992453581279	2.93637536545871e-05	0.000128138941166606	1.50622637044311e-05	6.60631254772094e-05	0.0542438491176864	0.0495575465032831	0.0589301517320897
temp_vcf4_17VR014367.vcf	PA-X	0	0	0	0	595.666666666667	160.333333333333	0	0	0	0	*	*	*
temp_vcf4_17VR014370.vcf	PA	0	0	0	0	1688	459.999999999999	0	0	0	0	*	*	*
temp_vcf4_17VR014370.vcf	PA-X	0	0	0	0	595.666666666667	160.333333333333	0	0	0	0	*	*	*
temp_vcf4_17VR014371.vcf	PA	0.022168232075642	0	0.0112044817927171	0	1688	459.999999999999	1.31328389073708e-05	0	6.63772618051959e-06	0	0.0221578827609474	0.0221578827609474	*
temp_vcf4_17VR014371.vcf	PA-X	0.022168232075642	0	0.0112044817927171	0	595.666666666667	160.333333333333	3.72158344862485e-05	0	1.88099862216851e-05	0	0.0221578827609474	0.0221578827609474	*
temp_vcf4_17VR014380.vcf	PA	0	0.426123381568926	0	1.30769230769231	1688	459.999999999999	0	0.000926355177323755	0	0.0028428093645485	0.21301775147929	*	0.42603550295858
temp_vcf4_17VR014380.vcf	PA-X	0	0	0	0	595.666666666667	160.333333333333	0	0	0	0	*	*	*
temp_vcf4_17VR014484.vcf	PA	0.402603549698044	0.192615499800209	0.208330586519542	0.0988611723297564	1687.90415204951	460.095847950492	0.000238522755696281	0.000418642116981101	0.000123425602257438	0.000214870820439123	0.05403097344461	0.0574280537147431	0.0480860829718769
temp_vcf4_17VR014484.vcf	PA-X	0.167477573153269	0.0598529739111814	0.0877552487776819	0.0308422301304864	595.62709933196	160.37290066804	0.000281178565147737	0.00037321126987079	0.000147332532176769	0.000192315721683724	0.0756336192915542	0.0835594419662667	0.059781973942129
temp_vcf4_17VR014490.vcf	PA	0	0	0	0	1688	459.999999999999	0	0	0	0	*	*	*
temp_vcf4_17VR014490.vcf	PA-X	0	0	0	0	595.666666666667	160.333333333333	0	0	0	0	*	*	*
temp_vcf4_17VR014505.vcf	PA	0	0	1	0	1688.33333333334	459.666666666665	0	0	0.000592300098716682	0	0	*	*
temp_vcf4_17VR014505.vcf	PA-X	0	0	0	0	595.666666666667	160.333333333333	0	0	0	0	*	*	*
temp_vcf4_17VR014509.vcf	PA	0.0357738581112255	0.274369937261655	0.0182063385030344	0.143630592047358	1688.0060687795	459.993931220498	2.11929677107686e-05	0.000596464254503689	1.07857067813733e-05	0.000312244536936095	0.0619184087595788	0.0357497354826948	0.0684605770787998
temp_vcf4_17VR014509.vcf	PA-X	0.042384059983338	0.191724515216171	0.0216346153846154	0.10145773303668	595.659455128205	160.340544871795	7.11548513474289e-05	0.00119573321501103	3.63204431632146e-05	0.00063276405302105	0.0778698199885206	0.0423331176035504	0.0956381711810057
temp_vcf4_17VR014538.vcf	PA	0	0.0302549346091156	0	0.0153599266391564	1687.99488002446	460.005119975545	0	6.57708649215122e-05	0	3.33907732156827e-05	0.0302479985855921	*	0.0302479985855921
temp_vcf4_17VR014538.vcf	PA-X	0	0	0	0	595.666666666667	160.333333333333	0	0	0	0	*	*	*
temp_vcf4_17VR014540.vcf	PA	0	0	0	0	1688	459.999999999999	0	0	0	0	*	*	*
temp_vcf4_17VR014540.vcf	PA-X	0	0	0	0	595.666666666667	160.333333333333	0	0	0	0	*	*	*
temp_vcf4_17VR014542.vcf	PA	0.181671382406729	0.0236811910360654	0.0925627968518776	0.011968085106383	1687.99354885686	460.006451143147	0.000107625637864411	5.14801281095429e-05	5.48359896959103e-05	2.60172114470166e-05	0.0341785435624212	0.0362843122567976	0.0236497000905389
temp_vcf4_17VR014542.vcf	PA-X	0	0	0	0	595.666666666667	160.333333333333	0	0	0	0	*	*	*
temp_vcf4_17VR014558.vcf	PA	0	0	0	0	1688	459.999999999999	0	0	0	0	*	*	*
temp_vcf4_17VR014558.vcf	PA-X	0	0	0	0	595.666666666667	160.333333333333	0	0	0	0	*	*	*
temp_vcf4_17VR014572.vcf	PA	0.193024700048529	0	0.0997434614823115	0	1687.97855127591	460.021448724093	0.000114352578652511	0	5.90904792047964e-05	0	0.0482275965413169	0.0482275965413169	*
temp_vcf4_17VR014572.vcf	PA-X	0.0482486110885439	0	0.0244003593066147	0	595.654898737968	160.345101262033	8.10009473451317e-05	0	4.09639194747033e-05	0	0.0240993074034984	0.0240993074034984	*
temp_vcf4_17VR014625.vcf	PA	0	0	0	0	1688	459.999999999999	0	0	0	0	*	*	*
temp_vcf4_17VR014625.vcf	PA-X	0	0	0	0	595.666666666667	160.333333333333	0	0	0	0	*	*	*
temp_vcf4_17VR014650.vcf	PA	0.167774077288927	0	0.0861507132022636	0	1688.0118340164	459.988165983605	9.93915290805344e-05	0	5.10367945687203e-05	0	0.05572181209386	0.05572181209386	*
temp_vcf4_17VR014650.vcf	PA-X	0.111813745372311	0	0.0574621886120996	0	595.652083333334	160.347916666667	0.000187716535375129	0	9.64693824128592e-05	0	0.0557172249937865	0.0557172249937865	*
temp_vcf4_17VR014747.vcf	PA	0	0	0	5	1687.5	460.499999999999	0	0	0	0.0108577633007601	0	*	*
temp_vcf4_17VR014747.vcf	PA-X	0	0	0	0	595.666666666667	160.333333333333	0	0	0	0	*	*	*
temp_vcf4_17VR014815.vcf	PA	0.246947901435083	0.0392002908033442	0.111874246396772	3.01999272991639	1688.10173103143	459.852317108619	0.000146287333811451	8.52453914983427e-05	6.62722182794142e-05	0.006567310020106	0.0286037502268799	0.0411419101558384	0.0391860413337684
temp_vcf4_17VR014815.vcf	PA-X	0.0963796374468509	0.036137683835382	0	1.01839965768079	595.590551181103	160.257217847769	0.000161821971916315	0.000225498010764855	0	0.00635478183983066	0.0441532323938683	0.0963374766255705	0.0361222205560343
temp_vcf4_17VR014817.vcf	PA	0.222199398729643	0.179822709794914	0.0811381635661766	0.0934014706629325	1688.1055106458	459.996671365914	0.000131626487401631	0.000390921763109608	4.80646281020294e-05	0.000203048144643278	0.057414453262131	0.0521090079073487	0.0599243555110828
temp_vcf4_17VR014817.vcf	PA-X	0	0.058516939113954	0	0.0301587301587302	595.666666666667	160.333333333333	0	0.000364970514224246	0	0.000188100188100188	0.0584983623078861	*	0.0584983623078861
temp_vcf4_17VR014818.vcf	PA	0.221229079570894	0.0924282543966137	0.0605759682224429	0.0485607008760951	1687.81797492669	460.01132084796	0.00013107401559727	0.000200926042920501	3.58901072996773e-05	0.000105564143044525	0.10451514511327	0.110570158463387	0.092405118413035
temp_vcf4_17VR014818.vcf	PA-X	0.10738777648983	0	0	0	595.514929577465	160.314366197183	0.000180327597439118	0	0	0	0.107327276334061	0.107327276334061	*
temp_vcf4_17VR014826.vcf	PA	0.425182708176254	0	0.22684831715264	0	1688.0350877193	459.964912280701	0.000251880254900813	0	0.000134386020055504	0	0.105835631326773	0.105835631326773	*
temp_vcf4_17VR014826.vcf	PA-X	0.100383408853259	0	0	0	595.535087719299	160.30701754386	0.000168560024292933	0	0	0	0.0997229916897509	0.0997229916897509	*
temp_vcf4_17VR014827.vcf	PA	0	0.256817781969638	0	0.137781680822223	1688.01136165006	459.988638349938	0	0.000558313315935128	0	0.000299532791323869	0.12828874552803	*	0.12828874552803
temp_vcf4_17VR014827.vcf	PA-X	0	0.129705596290434	0	0.069611780455154	595.666666666667	160.333333333333	0	0.000808974613038052	0	0.000434169108867904	0.129531960954035	*	0.129531960954035
temp_vcf4_17VR014828.vcf	PA	0.0282741644885426	0.127739482994815	0.0143312101910828	0.0667029510736172	1687.99300844612	460.006991553885	1.67501668235998e-05	0.000277690307626229	8.49008859596842e-06	0.000145004211454042	0.051971910466386	0.0282516532110837	0.0638320390940371
temp_vcf4_17VR014828.vcf	PA-X	0.125717509558597	0.03029613792476	0.0656586438194014	0.0153755174452986	595.711002546409	160.288997453591	0.000211037749884103	0.00018900946668864	0.000110218954390197	9.59237233344748e-05	0.051971910466386	0.062818754790991	0.030278221817176
temp_vcf4_17VR014893.vcf	PA	0	0	0	0	1688	459.999999999999	0	0	0	0	*	*	*
temp_vcf4_17VR014893.vcf	PA-X	0	0	0	0	595.666666666667	160.333333333333	0	0	0	0	*	*	*
temp_vcf4_17VR014896.vcf	PA	0	0	1	0	1688.33333333334	459.666666666665	0	0	0.000592300098716682	0	0	*	*
temp_vcf4_17VR014896.vcf	PA-X	0	0	1	0	596	160	0	0	0.00167785234899329	0	0	*	*
temp_vcf4_17VR014897.vcf	PA	0.903325617888376	0	1.50541288181896	0	1688.30469982985	459.695300170151	0.000535048926878788	0	0.000891671320923689	0	0.128883486054876	0.150364067064022	*
temp_vcf4_17VR014897.vcf	PA-X	0.0717026920255093	0.223962622743111	1.03713527851459	0.128246753246753	596	160	0.000120306530244143	0.00139976639214444	0.00174015986327951	0.000801542207792208	0.0983705154217683	0.0715124992084655	0.223599047056839
temp_vcf4_17VR014904.vcf	PA	0	0	0	0	1688	459.999999999999	0	0	0	0	*	*	*
temp_vcf4_17VR014904.vcf	PA-X	0	0	0	0	595.666666666667	160.333333333333	0	0	0	0	*	*	*
temp_vcf4_17VR015004.vcf	PA	0.0812705366922234	0	0.0421686746987952	5	1687.5562248996	460.4437751004	4.81587134657149e-05	0	2.49880117039087e-05	0.0108590891448359	0.0134634925243141	0.0807809551458847	*
temp_vcf4_17VR015004.vcf	PA-X	0	0	0	0	595.666666666667	160.333333333333	0	0	0	0	*	*	*
temp_vcf4_17VR015006.vcf	PA	0.124232862621793	0.0210334065487738	0.0628846896740424	5.01062091503268	1687.46900161048	460.53099838952	7.36208265178373e-05	4.56720755439433e-05	3.72656858372075e-05	0.0108800947874407	0.0131965559183745	0.0248291785418047	0.0210162223930965
temp_vcf4_17VR015006.vcf	PA-X	0.0823712042705056	0	0.0417441898676504	0	595.639374132049	160.360625867951	0.000138290394906373	0	7.00829926303629e-05	0	0.0274373156543971	0.0274373156543971	*
temp_vcf4_17VR015078.vcf	PA	0	0.0244765810489963	0	0.0123893805309735	1688	459.999999999999	0	5.32099588021661e-05	0	2.69334359368989e-05	0.0244717675620645	*	0.0244717675620645
temp_vcf4_17VR015078.vcf	PA-X	0	0	0	0	595.666666666667	160.333333333333	0	0	0	0	*	*	*
temp_vcf4_17VR015079.vcf	PA	0.174033085781949	0.212252632140808	0.0915481463345872	0.12043795620438	1688.02627107956	459.973728920444	0.000103098564734214	0.000461445119135312	5.42338397826229e-05	0.000261836597683626	0.128519745502741	0.08684696334442	0.211865309819383
temp_vcf4_17VR015079.vcf	PA-X	0	0	0	0	595.666666666667	160.333333333333	0	0	0	0	*	*	*
temp_vcf4_17VR015086.vcf	PA	0	0	0	0	1688	459.999999999999	0	0	0	0	*	*	*
temp_vcf4_17VR015086.vcf	PA-X	0	0	0	0	595.666666666667	160.333333333333	0	0	0	0	*	*	*
temp_vcf4_17VR015088.vcf	PA	0	0	0	0	1688	459.999999999999	0	0	0	0	*	*	*
temp_vcf4_17VR015088.vcf	PA-X	0	0	0	0	595.666666666667	160.333333333333	0	0	0	0	*	*	*
temp_vcf4_17VR015092.vcf	PA	0.256545418790824	0.075313066040045	0.133271965311649	0.0391760904684976	1688.01320678972	459.986793210283	0.000151980694083979	0.000163728757328943	7.8951968370619e-05	8.51678592663165e-05	0.0663303456711981	0.0640922698869468	0.0752826488082032
temp_vcf4_17VR015092.vcf	PA-X	0	0.168678078614535	0	0.0882028328914054	595.666666666667	160.333333333333	0	0.00105204622836508	0	0.000550121618865315	0.0842706953364412	*	0.0842706953364412
temp_vcf4_18VR001031.vcf	PA	0.0371028621455938	0.0313616820547795	0.0189030058878215	0.0159316106469788	1688	459.999999999999	2.19803685696646e-05	6.81775696843035e-05	1.11984632036857e-05	3.46339361890845e-05	0.0342234766853983	0.0370913645124529	0.0313555888583437
temp_vcf4_18VR001031.vcf	PA-X	0	0	0	0	595.666666666667	160.333333333333	0	0	0	0	*	*	*
temp_vcf4_18VR001129.vcf	PA	0.200041850482543	0.337366259383535	0.091677559912854	5.17712762544419	1688.06891472637	459.894113442647	0.000118503367212925	0.000733573771706056	5.43091334204887e-05	0.0112572165507611	0.0446743135481888	0.0664314808685433	0.0841993299931589
temp_vcf4_18VR001129.vcf	PA-X	0.087891296869625	0	0.0457516339869281	2	595.651416122005	160.348583877996	0.000147554919690853	0	7.68094102500329e-05	0.0124728260869565	0.0291056146496362	0.0873168439489085	*
temp_vcf4_18VR001154.vcf	PA	0	0	0	0	1688	459.999999999999	0	0	0	0	*	*	*
temp_vcf4_18VR001154.vcf	PA-X	0	0	0	0	595.666666666667	160.333333333333	0	0	0	0	*	*	*
temp_vcf4_18VR001337.vcf	PA	0.0582034796854653	0.0203887517192238	1.02954962290477	0.0102960102960103	1688.31534958645	459.684650413553	3.44742939757801e-05	4.43537797071997e-05	0.000609808838826795	2.23979858512734e-05	0.019633532836903	0.0290770632058112	0.0203800049359897
temp_vcf4_18VR001337.vcf	PA-X	0.0582034796854653	0.0203887517192238	1.02954962290477	0.0102960102960103	595.982016253113	160.017983746887	9.76597919034294e-05	0.000127415376958344	0.00172748437843386	6.43428323174994e-05	0.019633532836903	0.0290770632058112	0.0203800049359897
temp_vcf4_18VR001443.vcf	PA	0	0.0287184459506844	0	0.0145679012345679	1688	459.999999999999	0	6.24314042406183e-05	0	3.16693505099303e-05	0.0287113549763756	*	0.0287113549763756
temp_vcf4_18VR001443.vcf	PA-X	0	0.0287184459506844	0	0.0145679012345679	595.666666666667	160.333333333333	0	0.000179117126511545	0	9.08600908600909e-05	0.0287113549763756	*	0.0287113549763756
temp_vcf4_18VR001447.vcf	PA	0.218079036711796	0	0.111567981105282	0	1687.98166827608	460.018331723925	0.00012919514519048	0	6.60954933350818e-05	0	0.0435871492248988	0.0435871492248988	*
temp_vcf4_18VR001447.vcf	PA-X	0.0561991605152699	0	0.0289115646258503	0	595.666666666667	160.333333333333	9.43466600704027e-05	0	4.85364823041695e-05	0	0.0561513721134712	0.0561513721134712	*
temp_vcf4_18VR001520.vcf	PA	0.170582360568265	0.0293406303062105	0.0878791304232337	3.01488833746898	1688.15044389092	459.849556109087	0.000101046894952739	6.3804846425143e-05	5.20564566631197e-05	0.00655624931549087	0.0285527628533065	0.0568453300734535	0.0293333497527848
temp_vcf4_18VR001520.vcf	PA-X	0	0	0	1	595.666666666667	160.333333333333	0	0	0	0.00623700623700624	0	*	*
temp_vcf4_18VR001527.vcf	PA	0.0310002394602285	0	0.015742397137746	5	1688.16666666667	459.833333333332	1.83632576524208e-05	0	9.32514392600214e-06	0.0108735048930772	0.00516485802336782	0.0309891481402069	*
temp_vcf4_18VR001527.vcf	PA-X	0	0	0	2	595.666666666667	160.333333333333	0	0	0	0.0124740124740125	0	*	*
temp_vcf4_18VR001531.vcf	PA	0.481386980553363	0	0.311345633436795	5	1688.28718678917	459.712813210833	0.000285133349539232	0	0.000184415089964001	0.0108763555339644	0.0687527906602279	0.240634767310798	*
temp_vcf4_18VR001531.vcf	PA-X	0	0	0	2	595.666666666667	160.333333333333	0	0	0	0.0124740124740125	0	*	*
temp_vcf4_18VR001685.vcf	PA	0	0	1	4	1688.83333333334	459.166666666665	0	0	0.000592124740945425	0.00871143375680583	0	*	*
temp_vcf4_18VR001685.vcf	PA-X	0	0	1	1	596.333333333334	159.666666666667	0	0	0.00167691447736165	0.00626304801670147	0	*	*
temp_vcf4_18VR001710.vcf	PA	0.138226766534536	0	0.0707778751608744	3	1688.18018855044	459.819811449561	8.18791545310246e-05	0	4.1925545413282e-05	0.00652429478961038	0.0230326935537773	0.0460653871075546	*
temp_vcf4_18VR001710.vcf	PA-X	0	0	1	0	596.666666666667	159.333333333333	0	0	0.00167597765363128	0	0	*	*
temp_vcf4_18VR001885.vcf	PA	0.239350897423598	0.0955937090719773	0.138952745849298	0.0493363778685082	1688	459.999999999999	0.000141795555345733	0.000207812411026038	8.23179773988728e-05	0.000107252995366322	0.111619321737013	0.239289760540476	0.0477841023352806
temp_vcf4_18VR001885.vcf	PA-X	0	0	0	0	595.666666666667	160.333333333333	0	0	0	0	*	*	*
temp_vcf4_18VR001887.vcf	PA	0.0262570290864239	0	0.013302034428795	0	1688.00665101722	459.993348982784	1.55550507283849e-05	0	7.88032109990739e-06	0	0.0262501806177002	0.0262501806177002	*
temp_vcf4_18VR001887.vcf	PA-X	0	0	0	0	595.666666666667	160.333333333333	0	0	0	0	*	*	*
temp_vcf4_18VR001888.vcf	PA	0.058309873002045	0	0.029626992257327	1	1688	459.999999999999	3.45437636268039e-05	0	1.75515356974685e-05	0.00217391304347827	0.0194322612983137	0.0291483919474705	*
temp_vcf4_18VR001888.vcf	PA-X	0.058309873002045	0	0.029626992257327	1	595.666666666667	160.333333333333	9.78901057672832e-05	0	4.97375359664134e-05	0.00623700623700624	0.0194322612983137	0.0291483919474705	*
temp_vcf4_18VR001890.vcf	PA	0.181437675876986	0.0717299310150652	0.0923058805829212	1.03655364573778	1687.97448708759	460.025512912411	0.000107488399418902	0.000155925984541476	5.4684405060046e-05	0.00225325251892094	0.0281222102167816	0.0302316405021631	0.035855024469028
temp_vcf4_18VR001890.vcf	PA-X	0.109583780664299	0.0433966569407561	0.055935310761189	1.0221843003413	595.661452125547	160.338547874454	0.000183969904839842	0.000270656417412088	9.3904533458713e-05	0.00637516251638798	0.0305874698963171	0.036517678387419	0.0433843143193282
temp_vcf4_18VR001891.vcf	PA	0.137133497900203	0.243921535484227	0.0696568130981995	1.14212276988207	1688.0321194779	459.967880522104	8.12386780546677e-05	0.000530301235832717	4.12650993393088e-05	0.00248304896547485	0.0544217524881464	0.0274208982181581	0.243847776326234
temp_vcf4_18VR001891.vcf	PA-X	0.243921535484227	0.0198869094306995	0.142122769882068	1.0100413467218	595.595605281726	160.404394718274	0.000409542201656859	0.000123979829016704	0.000238622932442294	0.0062968433532995	0.0879096041606168	0.243847776326234	0.0198810361556165
temp_vcf4_18VR001894.vcf	PA	0.129149463253509	0	0.069364161849711	0	1687.97687861272	460.023121387282	7.65113935444733e-05	0	4.10930758167248e-05	0	0.129105549801196	0.129105549801196	*
temp_vcf4_18VR001894.vcf	PA-X	0	0	0	0	595.666666666667	160.333333333333	0	0	0	0	*	*	*
temp_vcf4_18VR001966.vcf	PA	0	0.0450235716058569	0	1.02303690859549	1688	459.999999999999	0	9.78773295779501e-05	0	0.00222399327955542	0.0225062094378546	*	0.0450124188757093
temp_vcf4_18VR001966.vcf	PA-X	0	0	0	1	595.666666666667	160.333333333333	0	0	0	0.00623700623700624	0	*	*
temp_vcf4_18VR002043.vcf	PA	0	0.327117572692794	1	1.20353982300885	1688.66666666667	459.333333333332	0	0.000712157270013341	0.00059218318199763	0.00262018829392348	0.108074242305584	*	0.324222726916751
temp_vcf4_18VR002043.vcf	PA-X	0	0	1	0	596.333333333334	159.666666666667	0	0	0.00167691447736165	0	0	*	*
temp_vcf4_18VR002046.vcf	PA	0.0254967802352313	0.0198844542713788	0.0129103651789008	0.010038240917782	1688	459.999999999999	1.51047276275067e-05	4.32270745029976e-05	7.64832060361419e-06	2.18222628647436e-05	0.0226811622869069	0.0254873752996965	0.0198749492741173
temp_vcf4_18VR002046.vcf	PA-X	0.0254967802352313	0	0.0129103651789008	0	595.666666666667	160.333333333333	4.28037720792915e-05	0	2.16738083585351e-05	0	0.0254873752996965	0.0254873752996965	*
temp_vcf4_18VR002052.vcf	PA	0.27005498473161	0.0370497427101201	1.14005128658249	0.0188679245283019	1687.3737598894	460.626240110601	0.000160044556310578	8.04334175604586e-05	0.000675636491263921	4.09614626465299e-05	0.0438493409262178	0.0539843069157864	0.0370238519045925
temp_vcf4_18VR002052.vcf	PA-X	0.221285269642938	0	1.11505659367169	0	595.056363304262	160.943636695738	0.000371872789350866	0	0.00187386718710131	0	0.0442313580581181	0.0552891975726476	*
temp_vcf4_18VR002057.vcf	PA	0.0612492608384426	0	0.031496062992126	0	1688.02099737533	459.979002624671	3.62846557795654e-05	0	1.86585729923375e-05	0	0.0610081220162442	0.0610081220162442	*
temp_vcf4_18VR002057.vcf	PA-X	0.0612492608384426	0	0.031496062992126	0	595.687664041995	160.312335958005	0.000102821099941604	0	5.28734517992395e-05	0	0.0610081220162442	0.0610081220162442	*
temp_vcf4_18VR002075.vcf	PA	0.0446694613946376	0.0410113459225043	1.02257867416423	4.02071010926096	1688.84334753876	459.156652461242	2.64497364185593e-05	8.93188538218253e-05	0.000605490542183493	0.00875672842309599	0.00951483427883165	0.0223211043472141	0.0204956499075283
temp_vcf4_18VR002075.vcf	PA-X	0.0245984371899452	0.0206052603940044	1.01244509516837	1.01040525739321	596.341630063446	159.658369936554	4.12489015521659e-05	0.000129058441484732	0.00169776021684191	0.0063285454924457	0.0112936013932076	0.0245804295492498	0.0205939760235805
temp_vcf4_18VR002079.vcf	PA	0.124967073940971	0.0448490218982022	1.05230631094765	4.02293202293202	1688.80423879177	459.162214882356	7.39973710809592e-05	9.76757678322751e-05	0.000623107336407748	0.00876146140196391	0.0169678600332959	0.0312165774551057	0.0448122905125361
temp_vcf4_18VR002079.vcf	PA-X	0.0287872482629037	0	1.01459034792368	1	596.343060231949	159.656939768051	4.82729659865696e-05	0	0.00170135349194649	0.00626342958503901	0.00958497978076485	0.0287549393422946	*
temp_vcf4_18VR002160.vcf	PA	0	0	0	3	1688.16666666667	459.833333333332	0	0	0	0.00652410293584634	0	*	*
temp_vcf4_18VR002160.vcf	PA-X	0	0	1	0	596.666666666667	159.333333333333	0	0	0.00167597765363128	0	0	*	*
temp_vcf4_18VR002212.vcf	PA	0	0	0	1	1688	459.999999999999	0	0	0	0.00217391304347827	0	*	*
temp_vcf4_18VR002212.vcf	PA-X	0	0	1	0	596	160	0	0	0.00167785234899329	0	0	*	*
temp_vcf4_18VR002213.vcf	PA	0	0	0	1	1688.16666666667	459.833333333332	0	0	0	0.00217470097861545	0	*	*
temp_vcf4_18VR002213.vcf	PA-X	0	0	0	0	595.666666666667	160.333333333333	0	0	0	0	*	*	*
temp_vcf4_18VR002214.vcf	PA	0	0	0	1	1688.16666666667	459.833333333332	0	0	0	0.00217470097861545	0	*	*
temp_vcf4_18VR002214.vcf	PA-X	0	0	0	0	595.666666666667	160.333333333333	0	0	0	0	*	*	*
temp_vcf4_18VR002369.vcf	PA	0.0329137586149667	0.0971192668874473	0.0167014613778706	0.051063829787234	1687.98886569242	460.011134307584	1.94988007823531e-05	0.000211123730806283	9.8942959383915e-06	0.000111005638731106	0.0648788376404085	0.0328450451314282	0.0969126301493888
temp_vcf4_18VR002369.vcf	PA-X	0	0	0	0	595.666666666667	160.333333333333	0	0	0	0	*	*	*
temp_vcf4_18VR002372.vcf	PA	0.16299533048953	0.0309122301765497	0.0851235187354105	1.01568951279934	1688.02384393064	459.976156069363	9.65598507838536e-05	6.72039838775647e-05	5.04279125211861e-05	0.00220813513787044	0.0484456550802303	0.0814479581730019	0.0308867039749174
temp_vcf4_18VR002372.vcf	PA-X	0.121805362723288	0	1.06337737407102	0	596.008154417837	159.991845582163	0.000204368617812392	0	0.00178416581415684	0	0.0405713874309789	0.0608570811464684	*
temp_vcf4_18VR002389.vcf	PA	0.0724435822708135	0.0254016600028401	0.0366705475367442	1.01286326822296	1688.01954670376	459.980453296245	4.2916317179073e-05	5.5223346602688e-05	2.17240064597307e-05	0.00220197023800627	0.0195644545914127	0.0241422212832962	0.025395609107175
temp_vcf4_18VR002389.vcf	PA-X	0.0289161294317095	0.0254016600028401	1.01466924993081	0.0128632682229633	596.019558999908	159.980441000092	4.85154035552614e-05	0.000158779784853984	0.00170240931628716	8.04052554334183e-05	0.0181012450605737	0.0289081260745461	0.025395609107175
temp_vcf4_18VR002588.vcf	PA	0.269574476286785	0.0220100491090539	0.139793924344013	3.01111993645751	1687.96359672179	460.036403278217	0.000159703963290635	4.78441465766849e-05	8.28180919396064e-05	0.00654539491875053	0.032371834653262	0.0538707889875969	0.0219925669413741
temp_vcf4_18VR002588.vcf	PA-X	0.0638791378264829	0.0220100491090539	0.0324947816775522	1.01111993645751	595.66305203263	160.33694796737	0.000107240389694313	0.000137273718803311	5.45522868451679e-05	0.00630621917951985	0.0214521573118057	0.0319080311529244	0.0219925669413741
temp_vcf4_18VR002645.vcf	PA	0	0	1	8	1688.16666666667	459.833333333332	0	0	0.000592358574390363	0.0173976078289236	0	*	*
temp_vcf4_18VR002645.vcf	PA-X	0	0	1	0	596.333333333334	159.666666666667	0	0	0.00167691447736165	0	0	*	*
temp_vcf4_18VR002648.vcf	PA	0.0673970670829707	0.155804639367433	0.0340733392766943	1.08323901706228	1688.16081914666	459.839180853346	3.99233688630678e-05	0.000338824193010911	2.01837045915554e-05	0.00235569099408203	0.0371903521382529	0.0224571372087402	0.0778853506016485
temp_vcf4_18VR002648.vcf	PA-X	0.0673970670829707	0.0215376297497769	0.0220658345862628	0.0108843537414966	595.646810391181	160.317167094748	0.000113149379644472	0.000134343876829161	3.7045165358598e-05	6.78926277125638e-05	0.0222257951991184	0.0224571372087402	0.021531769170253
temp_vcf4_18VR002835.vcf	PA	0	0.0427167470578722	0	0.0217864923747277	1688	459.999999999999	0	9.28624936040701e-05	0	4.73619399450603e-05	0.0426236822494672	*	0.0426236822494672
temp_vcf4_18VR002835.vcf	PA-X	0	0.0427167470578722	0	0.0217864923747277	595.666666666667	160.333333333333	0	0.000266424617824567	0	0.000135882488823665	0.0426236822494672	*	0.0426236822494672
temp_vcf4_18VR002895.vcf	PA	0.166145557757611	0.31726214073705	0.0862681842030459	0.164578155898731	1687.96190424615	460.038095753847	9.84296845442206e-05	0.000689643191869065	5.11078976285151e-05	0.000357748972134674	0.0603877722078357	0.0553415459899704	0.0634155079385548
temp_vcf4_18VR002895.vcf	PA-X	0.052225165703829	0	0.0268041237113402	0	595.666666666667	160.333333333333	8.76751522727963e-05	0	4.49985288942477e-05	0	0.0521713253268148	0.0521713253268148	*
temp_vcf4_18VR003034.vcf	PA	0	0	0	5	1688.16666666667	459.833333333332	0	0	0	0.0108735048930772	0	*	*
temp_vcf4_18VR003034.vcf	PA-X	0	0	1	0	595.333333333334	160.666666666667	0	0	0.00167973124300112	0	0	*	*
temp_vcf4_18VR003056.vcf	PA	0.603948347856453	0.372740197765994	1.3361131306517	3.2089293602561	1688.86427760383	459.135722396169	0.000357606206647545	0.000811830096383511	0.000791131145569246	0.0069890648967785	0.0813483664678701	0.120734013527555	0.124170109992222
temp_vcf4_18VR003056.vcf	PA-X	0.364085835114629	0.332715696067191	0.210077106448897	1.18850338260247	595.650033078159	160.349966921841	0.00061124119012154	0.00207493460992958	0.000352685460896015	0.00741193406782414	0.139270787101815	0.18193055985673	0.166246407897808
temp_vcf4_18VR003058.vcf	PA	0.247844113858846	0.0257085192797872	0.126324753291235	0.0130164119977363	1688.03665464628	459.963345353718	0.000146823893412895	5.58925391326933e-05	7.48353141168641e-05	2.82988027833533e-05	0.0341768302352692	0.0353886674070387	0.0256939700328829
temp_vcf4_18VR003058.vcf	PA-X	0.068736428889489	0.0257085192797872	0.03498634229812	0.0130164119977363	595.675534058848	160.324465941153	0.000115392398981252	0.000160353063575609	5.87338916871876e-05	8.11879329915496e-05	0.0314574387487636	0.034339173106704	0.0256939700328829
temp_vcf4_18VR003060.vcf	PA	0.040687634660306	0	0.0205499721628754	24	1688.49477623671	459.505223763287	2.40969858082652e-05	0	1.21705867569675e-05	0.0522300917570494	0.00156452308079752	0.0203388000503678	*
temp_vcf4_18VR003060.vcf	PA-X	0	0	0	4	595.666666666667	160.333333333333	0	0	0	0.024948024948025	0	*	*
temp_vcf4_18VR003296.vcf	PA	0.164378902084296	0	0.0833719793111422	4	1687.9737466811	460.026253318898	9.7382380743479e-05	0	4.93917511898916e-05	0.0086951559202147	0.0164331746916896	0.0273886244861493	*
temp_vcf4_18VR003296.vcf	PA-X	0.049346922479639	0.0360133020490508	0.0249793333426742	1.01833740831296	592.657620041754	160.342379958246	8.32637948300781e-05	0.000224602516555066	4.21479999547029e-05	0.00635101841807598	0.0170664654381246	0.0246650158259893	0.0360022955386445
temp_vcf4_18VR003655.vcf	PA	0	0	0	0	1688	459.999999999999	0	0	0	0	*	*	*
temp_vcf4_18VR003655.vcf	PA-X	0	0	0	0	595.666666666667	160.333333333333	0	0	0	0	*	*	*
temp_vcf4_18VR003663.vcf	PA	0.117164182058855	0.0266556505270111	0.0401313411576636	0.0135071090047393	1687.96552110552	459.975499437884	6.9411478252304e-05	5.79501529094176e-05	2.37749768320977e-05	2.93648444781207e-05	0.0359452899816617	0.0390439419681667	0.0266493340221468
temp_vcf4_18VR003663.vcf	PA-X	0.0314510765994545	0	0.0159744408945687	0	595.666666666667	160.333333333333	5.27997928362414e-05	0	2.68177519214919e-05	0	0.0314385162653492	0.0314385162653492	*
temp_vcf4_18VR003772.vcf	PA	0	0	0	1	1688	459.999999999999	0	0	0	0.00217391304347827	0	*	*
temp_vcf4_18VR003772.vcf	PA-X	0	0	0	1	595.666666666667	160.333333333333	0	0	0	0.00623700623700624	0	*	*
temp_vcf4_18VR003776.vcf	PA	0.0293212762650834	0	1.01487663280116	4	1688.16170778907	459.838292210932	1.73687604272724e-05	0	0.000601172641292943	0.00869871010691115	0.00488510619922019	0.0293106371953211	*
temp_vcf4_18VR003776.vcf	PA-X	0	0	0	3	595.666666666667	160.333333333333	0	0	0	0.0187110187110187	0	*	*
temp_vcf4_18VR003915.vcf	PA	0.236057433829558	0.290238077892769	0.131118115013821	4.15306003476664	1688.00595238096	459.994047619046	0.000139843958190192	0.000630960507847997	7.76763345110701e-05	0.00902850820844986	0.058445934163034	0.117971189648924	0.0966903427231523
temp_vcf4_18VR003915.vcf	PA-X	0.151993041849606	0.0931048373174353	0.0801455653351388	1.04891640866873	592.610330625141	160.389669374859	0.000256480580905954	0.000580491484771584	0.000135241593325911	0.00653980030482654	0.0489881735364022	0.0759468402093211	0.0930471872633689
temp_vcf4_18VR003988.vcf	PA	0.091004761877075	0	0.0477001703577513	0	1687.96819988643	460.031800113571	5.39137893019536e-05	0	2.82589271296465e-05	0	0.0908497282111855	0.0908497282111855	*
temp_vcf4_18VR003988.vcf	PA-X	0.091004761877075	0	0.0477001703577513	0	595.634866553095	160.365133446905	0.000152786156397651	0	8.00829048739028e-05	0	0.0908497282111855	0.0908497282111855	*
temp_vcf4_18VR004005.vcf	PA	0	0.101511546819886	0	0.0536163082937727	1687.99106394862	460.008936051381	0	0.000220672988858085	0	0.000116554927723804	0.10148319955744	*	0.10148319955744
temp_vcf4_18VR004005.vcf	PA-X	0	0	0	0	595.666666666667	160.333333333333	0	0	0	0	*	*	*
temp_vcf4_18VR004088.vcf	PA	0	0	0	23	1688.33333333334	459.666666666665	0	0	0	0.0500362581580857	0	*	*
temp_vcf4_18VR004088.vcf	PA-X	0	0	0	3	595.5	160.5	0	0	0	0.0186915887850467	0	*	*
temp_vcf4_18VR004244.vcf	PA	0.117202268431002	0.0321765461952378	1.06238185255198	4.01631701631702	1688.16666666667	459.833333333332	6.94257686431049e-05	6.99743664992487e-05	0.000629310999635887	0.00873428854581448	0.0212974652341983	0.116980714048335	0.0321015425910531
temp_vcf4_18VR004244.vcf	PA-X	0.117202268431002	0	0.0623818525519849	3	595.666666666667	160.333333333333	0.000196758145099611	0	0.000104726109488503	0.0187110187110187	0.0292451785120837	0.116980714048335	*
temp_vcf4_18VR004249.vcf	PA	0.431700121823549	0.078076969414757	0.223777213563212	23.0395685506778	1688.3952619846	459.604738015404	0.00025568664609738	0.00016987851289762	0.000132538404129479	0.0501290927725501	0.0149880922978696	0.0539430521728465	0.026016906914932
temp_vcf4_18VR004249.vcf	PA-X	0.200964533780687	0.0402509244534002	0.105157321256187	3.0202875705613	595.523339039692	160.476660960308	0.000337458703305821	0.000250821049070529	0.000176579681034429	0.0188207279020363	0.0301393588560382	0.0669608659826612	0.0201161364501612
temp_vcf4_18VR004315.vcf	PA	0	0	0	5	1688.16666666667	459.833333333332	0	0	0	0.0108735048930772	0	*	*
temp_vcf4_18VR004315.vcf	PA-X	0	0	1	0	595.333333333334	160.666666666667	0	0	0.00167973124300112	0	0	*	*
temp_vcf4_18VR004483.vcf	PA	0.108680044982904	0	0.0551261948031033	23	1688.32572686422	459.674273135781	6.43714913855865e-05	0	3.26513977285005e-05	0.0500354301821153	0.00402274055282687	0.0271534987315814	*
temp_vcf4_18VR004483.vcf	PA-X	0.0468494139232952	0	0.0236910211542088	3	595.49606077659	160.50393922341	7.8672919955505e-05	0	3.97836740066982e-05	0.0186911300402678	0.00936415494494978	0.0234103873623744	*
temp_vcf4_18VR004484.vcf	PA	0.383487004221069	0.0885803832481437	0.203078164303859	23.0463768115942	1688.27140104072	459.728598959281	0.000227147722803734	0.000192679732017258	0.000120287629215701	0.0501303962028159	0.0162601455477137	0.076618443000516	0.0884520058811176
temp_vcf4_18VR004484.vcf	PA-X	0.135974611964646	0	0.0732807215332582	3	595.451146185645	160.548853814355	0.000228355613782382	0	0.000123067563145493	0.0186859010745037	0.0339553286924116	0.135821314769647	*
temp_vcf4_18VR004496.vcf	PA	0	0	0	23	1688.33333333334	459.666666666665	0	0	0	0.0500362581580857	0	*	*
temp_vcf4_18VR004496.vcf	PA-X	0	0	0	3	595.5	160.5	0	0	0	0.0186915887850467	0	*	*
temp_vcf4_18VR004557.vcf	PA	0.0208478159977891	0	0.010530579181855	23	1688.3368435264	459.663156473605	1.23481378006563e-05	0	6.23725012116657e-06	0.0500366402572896	0.000868307173662467	0.0208393721678992	*
temp_vcf4_18VR004557.vcf	PA-X	0	0	0	3	595.5	160.5	0	0	0	0.0186915887850467	0	*	*
temp_vcf4_18VR004559.vcf	PA	0.168825174155907	0.0854460603607119	0.0854536013803083	23.0433541132592	1688.33263884402	459.667361155982	9.99952084510431e-05	0.000185886725013127	5.06141973532048e-05	0.0501304988357434	0.00770297630235924	0.024111105949452	0.0284734921105637
temp_vcf4_18VR004559.vcf	PA-X	0.0212205159810852	0.021912995004886	0.0107197549770291	3.01107465135357	595.494580973116	160.505419026885	3.5635111819839e-05	0.00013652495434572	1.80014316159042e-05	0.0187599563280117	0.00862273811249081	0.0212096836605231	0.021904006901931
temp_vcf4_18VR004561.vcf	PA	0.0234391975719683	0	0.0118527760449158	23	1688.32740694531	459.672593054688	1.38830877681342e-05	0	7.02042506456788e-06	0.0500356130591924	0.000976023978745401	0.0234245754898896	*
temp_vcf4_18VR004561.vcf	PA-X	0.0234391975719683	0	0.0118527760449158	3	595.5	160.5	3.93605332862608e-05	0	1.99039060368023e-05	0.0186915887850467	0.00585614387247241	0.0234245754898896	*
temp_vcf4_18VR004562.vcf	PA	0.0890322391839432	0	0.0456508147395569	23	1688.31210191083	459.687898089171	5.2734467213246e-05	0	2.70393221063151e-05	0.0500339471532888	0.00355568265618542	0.0444460332023178	*
temp_vcf4_18VR004562.vcf	PA-X	0	0	0	3	595.5	160.5	0	0	0	0.0186915887850467	0	*	*
temp_vcf4_18VR004563.vcf	PA	0	0	0	23	1688.33333333334	459.666666666665	0	0	0	0.0500362581580857	0	*	*
temp_vcf4_18VR004563.vcf	PA-X	0	0	0	3	595.5	160.5	0	0	0	0.0186915887850467	0	*	*
temp_vcf4_18VR004622.vcf	PA	0.278685891103886	0	0.144124869953594	23	1688.34175197884	459.658248021159	0.000165064857738221	0	8.53647490412829e-05	0.0500371745726648	0.00960758391911954	0.0464366556090778	*
temp_vcf4_18VR004622.vcf	PA-X	0.106628731067551	0	0.0564880568108457	3	595.5	160.5	0.000179057482901008	0	9.48581978351733e-05	0.0186915887850467	0.0266485781242902	0.106594312497161	*
temp_vcf4_18VR004624.vcf	PA	0	0	0	23	1688.33333333334	459.666666666665	0	0	0	0.0500362581580857	0	*	*
temp_vcf4_18VR004624.vcf	PA-X	0	0	0	3	595.5	160.5	0	0	0	0.0186915887850467	0	*	*
temp_vcf4_18VR004851.vcf	PA	0.0225781254151367	0	0.011400651465798	23	1688.33333333334	459.666666666665	1.33730259122231e-05	0	6.75260698862667e-06	0.0500362581580857	0.000939223050996122	0.0225413532239069	*
temp_vcf4_18VR004851.vcf	PA-X	0	0	0	3	595.5	160.5	0	0	0	0.0186915887850467	0	*	*
temp_vcf4_18VR004928.vcf	PA	0.0894760000294976	0	0.0469208211143695	5	1688.16666666667	459.833333333332	5.30018758196253e-05	0	2.77939507045332e-05	0.0108735048930772	0.0149064192201076	0.0894385153206456	*
temp_vcf4_18VR004928.vcf	PA-X	0	0	1	0	595.333333333334	160.666666666667	0	0	0.00167973124300112	0	0	*	*
temp_vcf4_18VR004934.vcf	PA	0.577550887942243	0.439582405978982	0.950921277950106	5.91076840206005	1688.45512552301	459.544874476993	0.000342058772668502	0.000956560350018635	0.000563190139658318	0.0128622224516965	0.0780994048202838	0.115273626215997	0.146308043861234
temp_vcf4_18VR004934.vcf	PA-X	0.148050560797579	0	1.08029197080292	0	595.333333333334	160.666666666667	0.00024868515251553	0	0.00181460017492092	0	0.0738451702275028	0.147690340455006	*
temp_vcf4_18VR004997.vcf	PA	0.0204696467545065	0	0.0103370786516854	23	1688.33850187266	459.66149812734	1.21241366774507e-05	0	6.12263396245467e-06	0.0500368207772501	0.000852518621386189	0.0204604469132685	*
temp_vcf4_18VR004997.vcf	PA-X	0	0	0	3	595.5	160.5	0	0	0	0.0186915887850467	0	*	*
temp_vcf4_18VR005017.vcf	PA	0.0556084855200231	0	0.0286168521462639	23	1688.33333333334	459.666666666665	3.29369114629948e-05	0	1.69497643511928e-05	0.0500362581580857	0.0023164939932919	0.0555958558390055	*
temp_vcf4_18VR005017.vcf	PA-X	0	0	0	3	595.5	160.5	0	0	0	0.0186915887850467	0	*	*
temp_vcf4_18VR005252.vcf	PA	0.118817509245872	0.0593184038251662	1.06077599419125	2.03010909306305	1688.50366400024	459.496335999763	7.03685231954906e-05	0.000129094400058931	0.000628234345478505	0.0044181181306832	0.0222517936183312	0.0395781457714308	0.0296399558161787
temp_vcf4_18VR005252.vcf	PA-X	0.0941458299699268	0	0.048292419946832	1	595.670330666903	160.329669333098	0.000158050225305871	0	8.10723943439731e-05	0.00623714877077692	0.0313596560257645	0.0470394840386468	*
temp_vcf4_18VR005296.vcf	PA	0.47259874181205	0	1.38257993384785	4	1688.24494671077	459.755053289231	0.000279934936415963	0	0.000818945104228831	0.00870028501347132	0.0787375093549416	0.472425056129649	*
temp_vcf4_18VR005296.vcf	PA-X	0	0	1	0	596	160	0	0	0.00167785234899329	0	0	*	*
temp_vcf4_18VR005308.vcf	PA	0	0	0	23	1688.33333333334	459.666666666665	0	0	0	0.0500362581580857	0	*	*
temp_vcf4_18VR005308.vcf	PA-X	0	0	0	3	595.5	160.5	0	0	0	0.0186915887850467	0	*	*
