file	product	N_diffs	S_diffs	N_diffs_vs_ref	S_diffs_vs_ref	N_sites	S_sites	piN	piS	mean_dN_vs_ref	mean_dS_vs_ref	mean_gdiv_polymorphic	mean_N_gdiv	mean_S_gdiv
temp_vcf4_18VR001131.vcf	NP	0.214278661005234	0	2.12145748987854	3	1299	380.999999999999	0.000164956628949371	0	0.00163314664347848	0.00787401574803152	0.0355685226769821	0.213411136061893	*
temp_vcf4_18VR001132.vcf	NP	0.0504252640029588	0.0253377180410381	0.0255376403623397	4.01282916948008	1299.32839951865	380.671600481347	3.88087138106419e-05	6.6560568240445e-05	1.96544925607724e-05	0.0105414461294354	0.0108193924559155	0.0252032917051717	0.0253291637810649
temp_vcf4_18VR001736.vcf	NP	0.0257950028392959	0	2.01306076093129	3	1299	380.999999999999	1.98575849417212e-05	0	0.00154970035483548	0.00787401574803152	0.00429672581839491	0.0257803549103695	*
temp_vcf4_18VR001742.vcf	NP	0	0	0	4	1299.33333333334	380.666666666666	0	0	0	0.010507880910683	0	*	*
temp_vcf4_18VR002048.vcf	NP	0	0	0	11	1300	379.999999999999	0	0	0	0.0289473684210527	0	*	*
temp_vcf4_18VR002388.vcf	NP	0	0	0	3	1299.33333333334	380.666666666666	0	0	0	0.00788091068301228	0	*	*
temp_vcf4_18VR002752.vcf	NP	0.0560290066853467	0.0481001899810019	0.0284240169808545	11.0246350364964	1300	379.999999999999	4.30992359118051e-05	0.000126579447318426	2.18646284468111e-05	0.0290121974644642	0.00743141472669237	0.0279917516136728	0.0480563029463477
temp_vcf4_18VR002834.vcf	NP	0.0255983609607263	0.154052701216049	0.0129573170731707	1.08230225050372	1299.34774897896	380.652251021043	1.97009314718418e-05	0.000404707185634199	9.97217033188593e-06	0.00284328346305744	0.044884235478394	0.0255788500148721	0.0769790459493519
temp_vcf4_18VR002905.vcf	NP	0	0.238697498820198	0	3.86196319018405	1299.62065439673	380.379345603271	0	0.000627524868474734	0	0.0101529255855338	0.0594913244758929	*	0.237965297903572
temp_vcf4_18VR003297.vcf	NP	0.125209089689924	0	0.0635627565522989	1	1299.34916524174	380.650834758259	9.63629277174542e-05	0	4.89189189885486e-05	0.00262707948778064	0.0250120095705834	0.0312650119632292	*
temp_vcf4_18VR003323.vcf	NP	0.0892355767325216	0.158684207902561	0.0453177433160214	1.08051511970174	1299.33668352811	380.663316471894	6.86777937264259e-05	0.000416862358509603	3.487759861668e-05	0.00283850603130423	0.0247730167655318	0.0297195901345213	0.0264285662086257
temp_vcf4_18VR003908.vcf	NP	0.124979000120626	0	0.064306784660767	1	1299.33333333334	380.666666666666	9.61870190769311e-05	0	4.94921380149565e-05	0.00262697022767076	0.041490879241682	0.062236318862523	*
temp_vcf4_18VR004171.vcf	NP	0.168595969583686	0.0338169442951818	0.0858386786786394	1.01719505642128	1299.31919924163	380.680800758375	0.000129757160274466	8.88328075064812e-05	6.60643502603062e-05	0.00267204191646878	0.0289012595766177	0.0337020088248856	0.0337987729118958
temp_vcf4_18VR004742.vcf	NP	0.120983731521989	0.0330488298342853	2.06328237225528	4.01679731243001	1299.00378787879	380.996212121211	9.31357803964139e-05	8.67431979186478e-05	0.00158835747170878	0.0105428799149113	0.0171050772472072	0.0604576848872925	0.0330303254502795
temp_vcf4_18VR005254.vcf	NP	0.0222088137506101	0	0.0112249877989263	2	1299.32959167074	380.670408329265	1.70925174743792e-05	0	8.63906115190736e-06	0.00525388881362713	0.00739932496522688	0.0221979748956806	*
temp_vcf4_18VR005361.vcf	NP	0.0279951712640941	0.468827190989033	0.01417004048583	4.37249283667622	1299.33333333334	380.666666666666	2.15457962525095e-05	0.0012315950726507	1.09056237705207e-05	0.0114864085026521	0.0825703912465274	0.0279385008769197	0.467483846602245
temp_vcf4_18VR005582.vcf	NP	0.083257655052753	0	0.0422147502850296	2	1299.34578739343	380.654212606574	6.40765959766363e-05	0	3.24892347322841e-05	0.00525411235121968	0.0166413239982416	0.0277355399970693	*
temp_vcf4_18VR005586.vcf	NP	0.147787456407331	0.0219486173576754	0.0786200299470999	3.01109285127362	1299.28781470292	380.712185297079	0.000113744972233979	5.76514705998927e-05	6.051009565196e-05	0.00790910553315754	0.0282736644350351	0.0738511933808603	0.0219395998484899
temp_vcf4_18VR005798.vcf	NP	0.0317554346850486	0	2.01612903225806	3	1298.99462365592	381.005376344085	2.4446163291789e-05	0	0.0015520688042448	0.00787390463826607	0.00528962885882759	0.0317377731529656	*
temp_vcf4_18VR005799.vcf	NP	0	0	2	3	1300	379.999999999999	0	0	0.00153846153846154	0.00789473684210528	0	*	*
temp_vcf4_18VR006000.vcf	NP	0.403988221524664	0.0233305511551717	2.21451147469879	2.01178451178451	1299.02896862148	380.971031378523	0.00031099246535924	6.12396986478247e-05	0.00170474371872462	0.00528067581544187	0.0472542553554468	0.100499256016499	0.0232912741330249
temp_vcf4_18VR006054.vcf	NP	0.514080859278524	0.210375653679747	2.2583499690933	2.111986402406	1299.96929018999	379.984713217168	0.000395456156663049	0.000553642413397596	0.00173723332246045	0.00555808254633381	0.0603347078015332	0.0856304211351462	0.105116983403761
temp_vcf4_18VR006201.vcf	NP	0.03723639306383	0	1.01896425966448	3	1299.33333333334	380.666666666666	2.8658075728961e-05	0	0.000784220825806421	0.00788091068301228	0.00744184660794267	0.0372092330397134	*
temp_vcf4_18VR006202.vcf	NP	0.0791302523757481	0	1.04008002724875	3	1299.33723932905	380.662760670946	6.09004729338851e-05	0	0.000800469651578538	0.00788099154935008	0.0112978080406699	0.0263615520948965	*
temp_vcf4_18VR006203.vcf	NP	0	0	1	3	1299.33333333334	380.666666666666	0	0	0.000769625448948177	0.00788091068301228	0	*	*
temp_vcf4_18VR006427.vcf	NP	0	0	1	3	1299.33333333334	380.666666666666	0	0	0.000769625448948177	0.00788091068301228	0	*	*
temp_vcf4_18VR007098.vcf	NP	0.171846577815606	0	0.0908555436990687	3	1299.33901394515	380.660986054853	0.000132256921381767	0	6.99244329031624e-05	0.00788102829000633	0.0343443869079209	0.0858609672698022	*
temp_vcf4_18VR007188.vcf	NP	0.0254335140396933	0	0.0128617363344051	3	1299.33333333334	380.666666666666	1.95742796611287e-05	0	9.89871960061964e-06	0.00788091068301228	0.00634815603643468	0.0253926241457387	*
